t,method,family,seed,y,f,best_obs,best_f,regret,acq_value,fit_wall_s,acq_wall_s,fit_calls,nuts_attempts,status,reason,r_hat_max,r_hat_median,frac_r_hat_below_1_05,n_eff_min,divergences,num_steps_mean,r_hat_max_native,n_eff_min_native,r_hat_max_ell,n_eff_min_ell,r_hat_max_global,n_eff_min_global,y_mean,y_std,sobol_computed,x_0,x_1,x_2,x_3,x_4,x_5,x_6,x_7,x_8,x_9,x_10,x_11,x_12,x_13,x_14,x_15,x_16,x_17,x_18,x_19,x_20,x_21,x_22,x_23,x_24,x_25,x_26,x_27,x_28,x_29,x_30,x_31,x_32,x_33,x_34,x_35,x_36,x_37,x_38,x_39,x_40,x_41,x_42,x_43,x_44,x_45,x_46,x_47,x_48,x_49,x_50,x_51,x_52,x_53,x_54,x_55,x_56,x_57,x_58,x_59,x_60,x_61,x_62,x_63,x_64,x_65,x_66,x_67,x_68,x_69,x_70,x_71,x_72,x_73,x_74,x_75,x_76,x_77,x_78,x_79,x_80,x_81,x_82,x_83,x_84,x_85,x_86,x_87,x_88,x_89,x_90,x_91,x_92,x_93,x_94,x_95,x_96,x_97,x_98,x_99
20,sobol,aligned10,0,-0.6735549639449764,-0.6356175746943297,1.5161193943633047,1.565183086207968,3.5745373191025154,nan,nan,3.844965249300003e-06,0,0,ok,,nan,nan,nan,nan,nan,nan,nan,nan,nan,nan,nan,nan,-0.03527217295098728,0.9796779386794547,0,0.59404207020998,0.9569401536136866,0.9859343208372593,0.07112238183617592,0.004958268254995346,0.052661823108792305,0.8902775375172496,0.3409333247691393,0.8930977201089263,0.4586636107414961,0.3634489569813013,0.9483058732002974,0.4475528234615922,0.8696135925129056,0.6853169575333595,0.18742389976978302,0.6406669737771153,0.26986517757177353,0.6971586924046278,0.6068962505087256,0.07545863464474678,0.5900298058986664,0.1930292947217822,0.48245576582849026,0.9423736482858658,0.4581280527636409,0.18019051477313042,0.33410956989973783,0.9835291272029281,0.4631197964772582,0.676585266366601,0.4237710125744343,0.061828624457120895,0.7004465842619538,0.8727060593664646,0.7962393257766962,0.00877545215189457,0.794307311065495,0.6697325836867094,0.43658208567649126,0.4647583309561014,0.29693156108260155,0.11343070957809687,0.1826762557029724,0.7723025437444448,0.04899163544178009,0.7294679172337055,0.910097480751574,0.929637604393065,0.9228632915765047,0.6258882433176041,0.4690256454050541,0.7967425100505352,0.26683674193918705,0.929587546736002,0.30030944757163525,0.9630144936963916,0.20782843325287104,0.8755769785493612,0.14364575035870075,0.8973819436505437,0.2482932060956955,0.43773202411830425,0.5738074267283082,0.8321317965164781,0.7126147402450442,0.9270925149321556,0.2513565570116043,0.04914273414760828,0.09685860574245453,0.38928137067705393,0.7857167646288872,0.10643359180539846,0.9596789283677936,0.5418125968426466,0.4494816418737173,0.5135802906006575,0.2896152678877115,0.4491634080186486,0.6697465498000383,0.17293923627585173,0.36068697459995747,0.1033879304304719,0.1437532277777791,0.5205344222486019,0.9129011053591967,0.45505681820213795,0.33909645210951567,0.9822380831465125,0.4496699059382081,0.5698991166427732,0.41682204231619835,0.1416769651696086,0.34350243117660284,0.5689348988234997,0.17118764109909534,0.07456845045089722,0.8268296690657735,0.7805131897330284,0.5151709839701653
21,sobol,aligned10,0,-0.1651853385715687,0.10006349379380403,1.5161193943633047,1.565183086207968,3.5745373191025154,nan,nan,4.291068762540817e-06,0,0,ok,,nan,nan,nan,nan,nan,nan,nan,nan,nan,nan,nan,nan,-0.06566659156974868,0.965682141277715,0,0.42104513477534056,0.24457154981791973,0.24002188816666603,0.5521136494353414,0.5696608740836382,0.9072523983195424,0.18669487535953522,0.9442903911694884,0.1976576130837202,0.8385666189715266,0.6570899542421103,0.4161990461871028,0.7106662467122078,0.37418257258832455,0.4320511622354388,0.61885907035321,0.12410217337310314,0.5838041687384248,0.4349136110395193,0.4201737279072404,0.8036589147523046,0.13709757570177317,0.5241553820669651,0.6829066686332226,0.34684167709201574,0.7930123284459114,0.7646485948935151,0.9388524573296309,0.21445064712315798,0.9769302355125546,0.09246383607387543,0.6913803247734904,0.7010311866179109,0.4445050312206149,0.23007781989872456,0.11234333924949169,0.8601037692278624,0.39847822953015566,0.027227765880525112,0.6817213976755738,0.8000559648498893,0.5825944310054183,0.935425877571106,0.5681801978498697,0.13648749608546495,0.6729280790314078,0.4096998004242778,0.1888539781793952,0.4106278894469142,0.22672579996287823,0.34550248738378286,0.6036583166569471,0.4422339051961899,0.9215807113796473,0.2199454866349697,0.9141170540824533,0.34527835436165333,0.8329352922737598,0.21612718887627125,0.9235573867335916,0.49496372509747744,0.7876613857224584,0.5217983676120639,0.36635066475719213,0.04614688828587532,0.3265834264457226,0.4658923130482435,0.7941276263445616,0.6529233939945698,0.9434551261365414,0.8562978561967611,0.3685781089589,0.5976768620312214,0.42197677958756685,0.4036686159670353,0.855478061363101,0.17267975211143494,0.8239553906023502,0.857552882283926,0.22593460511416197,0.7970902044326067,0.943194754421711,0.9968274543061852,0.5109840370714664,0.44003659300506115,0.0439783725887537,0.9554087528958917,0.6540809581056237,0.2038792297244072,0.6664163405075669,0.0066305166110396385,0.9595478093251586,0.6944740964099765,0.5404365798458457,0.24206507112830877,0.9266233779489994,0.8978683911263943,0.07159870769828558,0.07163221761584282,0.3524615205824375
22,sobol,aligned10,0,-0.11857488252965653,-0.07980670058485195,1.5161193943633047,1.565183086207968,3.5745373191025154,nan,nan,3.906898200511932e-06,0,0,ok,,nan,nan,nan,nan,nan,nan,nan,nan,nan,nan,nan,nan,-0.07019017097892231,0.9437072869969946,0,0.0070579154416918755,0.6881390800699592,0.5191739480942488,0.3260844172909856,0.8984917122870684,0.5631507327780128,0.5844361847266555,0.5733840614557266,0.2529902355745435,0.6540716988965869,0.7683559684082866,0.06525229383260012,0.016795357689261436,0.7348832273855805,0.04048480745404959,0.34429756831377745,0.4140660334378481,0.15115758124738932,0.18317535053938627,0.888530963100493,0.2750822249799967,0.25962025951594114,0.4087529331445694,0.17299637664109468,0.5375473266467452,0.7480434700846672,0.2933830413967371,0.6822428656741977,0.5175906280055642,0.6876127570867538,0.9442968843504786,0.20480968616902828,0.3761274553835392,0.14137365389615297,0.3396628648042679,0.2642932841554284,0.39633516408503056,0.7224555872380733,0.8125056605786085,0.05904237926006317,0.17086566891521215,0.82083694729954,0.49407674092799425,0.4480253169313073,0.45564567670226097,0.4355279849842191,0.9304968472570181,0.5809177281334996,0.03264923486858606,0.3205988444387913,0.8406635615974665,0.12527328357100487,0.20507806353271008,0.0999552495777607,0.5163609497249126,0.6884640054777265,0.6805455358698964,0.7064315043389797,0.4284474356099963,0.530054391361773,0.7167406883090734,0.6376676931977272,0.8628167267888784,0.14736674446612597,0.3470195699483156,0.053417439572513103,0.06313022039830685,0.6732023172080517,0.43183390982449055,0.7095966376364231,0.19926018919795752,0.148757915943861,0.7714260155335069,0.018408731557428837,0.1325539080426097,0.6697875922545791,0.9598273895680904,0.10462636593729258,0.07790540810674429,0.26073493156582117,0.5317043466493487,0.6477432642132044,0.3865451943129301,0.46393477730453014,0.03761605452746153,0.4018459031358361,0.550081986002624,0.04452669061720371,0.5323982667177916,0.8422814728692174,0.9784301007166505,0.7247179625555873,0.47080150432884693,0.19528030883520842,0.30124602373689413,0.3566190516576171,0.6918578166514635,0.655852273106575,0.6602943753823638,0.06246806122362614
23,sobol,aligned10,0,0.78867607750516,0.7797086771320826,1.5161193943633047,1.565183086207968,3.5745373191025154,nan,nan,3.7169083952903748e-06,0,0,ok,,nan,nan,nan,nan,nan,nan,nan,nan,nan,nan,nan,nan,-0.0722938540898238,0.9230166763743467,0,0.9456208422780037,0.4777810527011752,0.27338740043342113,0.7972416169941425,0.4631686173379421,0.45727793872356415,0.3505799062550068,0.203905557282269,0.5897261463105679,0.018425529822707176,0.19358895625919104,0.5351023003458977,0.7624564236029983,0.24007966555655003,0.7957648821175098,0.912924624979496,0.8194553563371301,0.9641657844185829,0.9523023394867778,0.0770845403894782,0.5957965282723308,0.9624421019107103,0.8745323708280921,0.9730490287765861,0.12660648673772812,0.00480631273239851,0.6522800466045737,0.04479801468551159,0.28781876247376204,0.23657980747520924,0.2934944713488221,0.9098570654168725,0.862962962128222,0.9010383551940322,0.7011097725480795,0.5809997813776135,0.7320386003702879,0.084591593593359,0.49041180964559317,0.8060909546911716,0.5687224511057138,0.043045202270150185,0.5470281653106213,0.80087801348418,0.5776438331231475,0.8113017026335001,0.2359841028228402,0.297174203209579,0.5497113121673465,0.5169784650206566,0.18550620693713427,0.7599278446286917,0.5575953740626574,0.7117532379925251,0.3184671886265278,0.08931984938681126,0.0032356269657611847,0.33141613844782114,0.7299723466858268,0.3089916128665209,0.17363659851253033,0.33218725491315126,0.1620203135535121,0.9163504047319293,0.5234466185793281,0.9076509587466717,0.5399182885885239,0.1534105110913515,0.7704739784821868,0.3628825917840004,0.5452127754688263,0.6930450713261962,0.2783555034548044,0.6137275984510779,0.797087007202208,0.01328407134860754,0.35538467951118946,0.5078477477654815,0.7285967860370874,0.8129556998610497,0.4075681436806917,0.03494726121425629,0.5300762709230185,0.8155321246013045,0.9854539716616273,0.5163358533754945,0.04774652421474457,0.9798702001571655,0.27749402169138193,0.05505478102713823,0.4147341353818774,0.1507439836859703,0.9259575847536325,0.9229760570451617,0.8800694830715656,0.6159461895003915,0.280544338747859,0.39884557016193867,0.48658407013863325,0.8365057613700628
24,sobol,aligned10,0,-0.4857743194802398,-0.5360808554876307,1.5161193943633047,1.565183086207968,3.5745373191025154,nan,nan,3.859167918562889e-06,0,0,ok,,nan,nan,nan,nan,nan,nan,nan,nan,nan,nan,nan,nan,-0.036420106940032795,0.9198156078208329,0,0.9106901427730918,0.8137091342359781,0.5634127324447036,0.5757159646600485,0.8508859258145094,0.2696879878640175,0.964039970189333,0.26489811949431896,0.9573432048782706,0.5941825686022639,0.12766717467457056,0.7124744364991784,0.6802314789965749,0.6590214325115085,0.28696521930396557,0.19109997525811195,0.20933709293603897,0.4870065385475755,0.678260744549334,0.7590105719864368,0.047313377261161804,0.23441684432327747,0.4962063804268837,0.38531384896487,0.26739243790507317,0.5845674108713865,0.5682768616825342,0.9160541137680411,0.1756637580692768,0.66552041657269,0.7240740042179823,0.8253948660567403,0.9420855175703764,0.6617912594228983,0.9521250678226352,0.3191601997241378,0.7881886558607221,0.9223179602995515,0.517737090587616,0.19250273052603006,0.062467112205922604,0.7239998867735267,0.6737911188974977,0.8410204071551561,0.40767831541597843,0.261338921263814,0.01152949221432209,0.7390065491199493,0.6006512399762869,0.684837220236659,0.438450594432652,0.5402114409953356,0.8266618615016341,0.9664092566817999,0.6719049699604511,0.3246915852651,0.2975404607132077,0.5998303163796663,0.3467201413586736,0.7724329065531492,0.2730478625744581,0.4381024232134223,0.6074801199138165,0.27112380508333445,0.43441545870155096,0.23450114578008652,0.9444146463647485,0.8425965774804354,0.8373224772512913,0.9048575349152088,0.5821033287793398,0.5756731508299708,0.22067617438733578,0.24607568327337503,0.6029785880818963,0.9596089702099562,0.776993190869689,0.5921147018671036,0.6053426750004292,0.9299140963703394,0.2173421047627926,0.6131645515561104,0.8999397782608867,0.3946885457262397,0.9328041132539511,0.9757059663534164,0.7510519716888666,0.8445886634290218,0.7714409669861197,0.11829005926847458,0.6465396592393517,0.05796509701758623,0.8054882921278477,0.7130987346172333,0.34367223270237446,0.10703800339251757,0.3185321306809783,0.7704680850729346,0.3642526986077428,0.5985401747748256
25,sobol,aligned10,0,0.844110695627151,0.796113720104791,1.5161193943633047,1.565183086207968,3.5745373191025154,nan,nan,3.6139972507953644e-06,0,0,ok,,nan,nan,nan,nan,nan,nan,nan,nan,nan,nan,nan,nan,-0.05439427544164108,0.9055230642534496,0,0.10535074397921562,0.10218858532607555,0.31713790353387594,0.046880572102963924,0.28616443276405334,0.6257444685325027,0.23012281116098166,0.895175407640636,0.13744810782372952,0.23380937986075878,0.8342777760699391,0.18036751076579094,0.4116104356944561,0.16359246522188187,0.533638265915215,0.5058194762095809,0.5559228314086795,0.6750130131840706,0.43965133372694254,0.1973195243626833,0.8239963138476014,0.5315911872312427,0.782260156236589,0.7185543486848474,0.9278287468478084,0.17143343854695559,0.4867307087406516,0.30984614230692387,0.8821850176900625,0.1514982283115387,0.014708343893289566,0.06175417639315128,0.30295203160494566,0.4216350093483925,0.08669642824679613,0.5258887289091945,0.09311498794704676,0.25500617269426584,0.1601803982630372,0.937519502826035,0.7103238943964243,0.3769427575170994,0.36737505346536636,0.41007255762815475,0.5589731642976403,0.8834333093836904,0.8151840018108487,0.396653501316905,0.11386237666010857,0.4730688650161028,0.5330602992326021,0.40942414849996567,0.41164305340498686,0.3467602636665106,0.47544653341174126,0.9608838483691216,0.885859202593565,0.4746319716796279,0.5613313997164369,0.051111203618347645,0.8707478698343039,0.5237342733889818,0.43006076756864786,0.5401075920090079,0.6948704291135073,0.851552470587194,0.42121029552072287,0.3619306795299053,0.4918769905343652,0.05824672430753708,0.1780566545203328,0.016125299036502838,0.7275443868711591,0.6536559974774718,0.46774526964873075,0.36610843800008297,0.4126627668738365,0.060032857581973076,0.20122472289949656,0.4870072929188609,0.8433856414631009,0.19471116550266743,0.012294779531657696,0.7618497367948294,0.10613647475838661,0.1062939390540123,0.25268177036195993,0.16223392449319363,0.04003513604402542,0.7805110290646553,0.21029654424637556,0.5694423522800207,0.35829972848296165,0.4188294857740402,0.9830423006787896,0.8652812940999866,0.653427760116756,0.018588331528007984,0.5337887639179826,0.25343657936900854
26,sobol,aligned10,0,0.614132447773083,0.6462154884348692,1.5161193943633047,1.565183086207968,3.5745373191025154,nan,nan,3.697117790579796e-06,0,0,ok,,nan,nan,nan,nan,nan,nan,nan,nan,nan,nan,nan,nan,-0.019836391938995227,0.9045942832667819,0,0.4413960687816143,0.5805184682831168,0.9090188415721059,0.821003451012075,0.24445846676826477,0.8451517866924405,0.5029289871454239,0.5248790197074413,0.31819982547312975,0.2891786750406027,0.723004125058651,0.3284422252327204,0.8476223517209291,0.7892161225900054,0.9232686469331384,0.2781226923689246,0.9827560698613524,0.12127428501844406,0.19235363975167274,0.7281157243996859,0.3482391219586134,0.9120020056143403,0.15150784235447645,0.20862821489572525,0.2375489128753543,0.37350571621209383,0.9541210047900677,0.06905783619731665,0.3269051034003496,0.42516975570470095,0.8977837627753615,0.5444218209013343,0.6198944803327322,0.24234396778047085,0.4771113833412528,0.8507474176585674,0.6818785862997174,0.6239075362682343,0.9999035447835922,0.31874721124768257,0.32315664924681187,0.15420367009937763,0.8088307725265622,0.5439307419583201,0.848834291100502,0.12920283433049917,0.33778348565101624,0.7554421834647655,0.485890282317996,0.06645948439836502,0.028102888725697994,0.8214218858629465,0.17249604035168886,0.666982389986515,0.7725943885743618,0.6865352354943752,0.08050118666142225,0.09526000823825598,0.8331573903560638,0.40152713377028704,0.09034663904458284,0.9239720469340682,0.21651333943009377,0.9461139561608434,0.886307317763567,0.5304172560572624,0.04970614518970251,0.23331375233829021,0.7041464215144515,0.29210135340690613,0.7720031626522541,0.4860699540004134,0.8993709310889244,0.812091532163322,0.19152792915701866,0.17893835809081793,0.6881069280207157,0.7791771022602916,0.9842906314879656,0.030362927354872227,0.5780603401362896,0.39647112786769867,0.6206277348101139,0.21489154919981956,0.3834959724918008,0.46355255227535963,0.22229432594031096,0.5219713421538472,0.7119991462677717,0.7296459041535854,0.8051310898736119,0.866776006296277,0.5740809785202146,0.8149341382086277,0.5439627999439836,0.4218636378645897,0.9511738615110517,0.6931696999818087,0.20301920361816883,0.08261460158973932
27,sobol,aligned10,0,-1.0717204440639412,-1.079893696182754,1.5161193943633047,1.565183086207968,3.5745373191025154,nan,nan,1.0952120646834373e-05,0,0,ok,,nan,nan,nan,nan,nan,nan,nan,nan,nan,nan,nan,nan,0.0036439354577484087,0.895722177994912,0,0.5122974058613181,0.37101564835757017,0.16261812765151262,0.3019873108714819,0.6797704081982374,0.23976621963083744,0.29928508680313826,0.1275035971775651,0.5285371579229832,0.9131037099286914,0.2975348122417927,0.798292345367372,0.12306475918740034,0.29441091790795326,0.17848757095634937,0.9634630344808102,0.25125205889344215,0.8102115476503968,0.9221280179917812,0.2916378267109394,0.5304548805579543,0.3649304211139679,0.5685485564172268,0.8758607227355242,0.582610759884119,0.8822503369301558,0.10012362245470285,0.7050371263176203,0.6196080297231674,0.8759909635409713,0.37222557980567217,0.34321919828653336,0.1331119565293193,0.9865895695984364,0.6237213546410203,0.05807938426733017,0.43993003759533167,0.1989358365535736,0.3220570022240281,0.5659173727035522,0.9084542831405997,0.9936328018084168,0.2402086891233921,0.2052090996876359,0.2423164201900363,0.5072762444615364,0.5161822056397796,0.10058911330997944,0.9707200564444065,0.7784582562744617,0.9979429021477699,0.19073468446731567,0.589506127871573,0.019966401159763336,0.06444675102829933,0.03567903023213148,0.7283867839723825,0.9704277757555246,0.008667055517435074,0.6811798494309187,0.5476049752905965,0.1044525746256113,0.761578337289393,0.23865730594843626,0.23516606632620096,0.3837661286816001,0.588513501919806,0.6900848597288132,0.12481033988296986,0.6388373486697674,0.48901894222944975,0.9182213507592678,0.3906754804775119,0.337128889746964,0.8628702219575644,0.5229378854855895,0.12271907366812229,0.37381952721625566,0.3224899163469672,0.5836109071969986,0.45191045571118593,0.7827136907726526,0.48301325365900993,0.5664364444091916,0.5929455934092402,0.5795083595439792,0.7188028320670128,0.4536317652091384,0.472763710655272,0.38790519163012505,0.3683387776836753,0.26155459228903055,0.029220846481621265,0.0514267273247242,0.1526400540024042,0.6761859636753798,0.02069816831499338,0.43964771926403046,0.8999153580516577,0.8007649751380086
28,sobol,aligned10,0,0.15652986215782463,0.20341800991144376,1.5161193943633047,1.565183086207968,3.5745373191025154,nan,nan,3.7439167499542236e-06,0,0,ok,,nan,nan,nan,nan,nan,nan,nan,nan,nan,nan,nan,nan,-0.03476193523945479,0.9019364126211686,0,0.7251069089397788,0.6411239737644792,0.4986861124634743,0.4449198702350259,0.5245551476255059,0.38683593925088644,0.7498129438608885,0.6654023183509707,0.4061907585710287,0.06583815161138773,0.5166475269943476,0.9083158168941736,0.9635365856811404,0.12085112184286118,0.06667854823172092,0.7847120147198439,0.49484659265726805,0.9330944390967488,0.01624499447643757,0.9964459948241711,0.15238107554614544,0.0015889257192611694,0.11193813197314739,0.8207413209602237,0.6332321213558316,0.381877351552248,0.8530350280925632,0.4735194221138954,0.08809360209852457,0.56714285351336,0.7662127381190658,0.9572617979720235,0.07585038989782333,0.020127294585108757,0.14923300687223673,0.6858024904504418,0.19247884768992662,0.052377969957888126,0.7777107981964946,0.7407010234892368,0.8303173817694187,0.3375019459053874,0.562555018812418,0.03358576446771622,0.9912914875894785,0.4424102045595646,0.9759600413963199,0.5234069200232625,0.7110147122293711,0.9950489085167646,0.2568142767995596,0.11286047007888556,0.891914582811296,0.5001219110563397,0.27887348271906376,0.22137470077723265,0.5918513769283891,0.7543050404638052,0.9496323689818382,0.34404666628688574,0.4108793390914798,0.17172927130013704,0.07905149925500154,0.3886889861896634,0.07395859900861979,0.9460625471547246,0.20543150883167982,0.40328718069940805,0.599442726932466,0.825488100759685,0.022739038802683353,0.637683411128819,0.8247262937948108,0.9061707751825452,0.9223947646096349,0.7869209740310907,0.24557581078261137,0.43623444717377424,0.7954738028347492,0.15624542720615864,0.12246059812605381,0.9337685462087393,0.18134686537086964,0.09983104094862938,0.16854378301650286,0.8554538665339351,0.4181358739733696,0.9198592444881797,0.3490678798407316,0.2771253827959299,0.494717363268137,0.6799030639231205,0.4159097634255886,0.2879988392814994,0.41531079541891813,0.22697443701326847,0.5475323963910341,0.1937623368576169,0.02364441007375717,0.1787409968674183
29,sobol,aligned10,0,-0.2996867160924275,-0.2462512311041044,1.5161193943633047,1.565183086207968,3.5745373191025154,nan,nan,3.2458920031785965e-06,0,0,ok,,nan,nan,nan,nan,nan,nan,nan,nan,nan,nan,nan,nan,-0.028165666363686535,0.8869364345134697,0,0.29092610999941826,0.4307638080790639,0.745083250105381,0.9317020550370216,0.08924135472625494,0.5243702903389931,0.45241900999099016,0.04952464811503887,0.6944524785503745,0.699652899056673,0.4433433171361685,0.44066307600587606,0.19468296505510807,0.6236045164987445,0.8163424367085099,0.47443282324820757,0.771143727004528,0.24509550258517265,0.8477499280124903,0.06192169524729252,0.9763129269704223,0.705028765834868,0.6714272508397698,0.028516427613794804,0.0466077271848917,0.8731620749458671,0.21680387668311596,0.8629154982045293,0.8579693539068103,0.11583491414785385,0.4950180323794484,0.16230911947786808,0.6866480084136128,0.780218880623579,0.7645860454067588,0.4707660572603345,0.9349147165194154,0.6259416649118066,0.41631985642015934,0.48767147958278656,0.43221660051494837,0.5595986470580101,0.38455597031861544,0.7155540753155947,0.10351573023945093,0.818580592982471,0.16999785229563713,0.364645185880363,0.1988428384065628,0.15994173474609852,0.726417244412005,0.9941275762394071,0.36947533022612333,0.18609823752194643,0.5735384989529848,0.6183855570852757,0.22435985505580902,0.12922878842800856,0.14225530251860619,0.5653194896876812,0.9458046285435557,0.8662487789988518,0.8814563304185867,0.6745183495804667,0.7977322228252888,0.09286811389029026,0.6817388730123639,0.9225884592160583,0.19831028766930103,0.22703263815492392,0.7393130343407393,0.20411117188632488,0.3168812766671181,0.49343692790716887,0.006850800476968288,0.3804017025977373,0.5686538564041257,0.9664237471297383,0.3859997773543,0.7084641708061099,0.9963717190548778,0.2584797106683254,0.7936255726963282,0.7482355581596494,0.8701504459604621,0.2189760161563754,0.9214135659858584,0.10457198787480593,0.5863968515768647,0.6229002270847559,0.9334057029336691,0.1918652793392539,0.9998313821852207,0.5783616295084357,0.7734909430146217,0.9882695488631725,0.48009191267192364,0.9390445714816451,0.8264811150729656,0.9535091891884804
30,sobol,aligned10,0,-1.1239000702672082,-1.1014335151002694,1.5161193943633047,1.565183086207968,3.5745373191025154,nan,nan,3.2349489629268646e-06,0,0,ok,,nan,nan,nan,nan,nan,nan,nan,nan,nan,nan,nan,nan,-0.03721636802131124,0.8733898929189159,0,0.12691039964556694,0.8787129633128643,0.027942704036831856,0.1900799199938774,0.37912389542907476,0.9935029540210962,0.7872178051620722,0.4369188630953431,0.764128003269434,0.7607574872672558,0.11711147706955671,0.042832435108721256,0.5017731375992298,0.48559050634503365,0.7040405618026853,0.7469789432361722,0.6901359148323536,0.5526261292397976,0.5965085243806243,0.5282647106796503,0.44618189334869385,0.8323121918365359,0.27114369440823793,0.522817574441433,0.8543752301484346,0.6717921188101172,0.747487154789269,0.5081759765744209,0.4131629606708884,0.34265334624797106,0.5964244287461042,0.6762267639860511,0.48814474046230316,0.5713868159800768,0.6861828090623021,0.15597809292376041,0.3361725928261876,0.49532727152109146,0.7360196588560939,0.8642599666491151,0.5382091263309121,0.7823398839682341,0.9509506598114967,0.33171112183481455,0.3001389503479004,0.07308577094227076,0.677061446942389,0.9754466274753213,0.3266910780221224,0.2535633221268654,0.2136397920548916,0.2691586082801223,0.10882832575589418,0.8666724069043994,0.18232777900993824,0.767367959022522,0.80938286986202,0.25376402866095304,0.4943914609029889,0.9820425473153591,0.23403742909431458,0.7161926897242665,0.721954477019608,0.8315090844407678,0.6220419276505709,0.2888192655518651,0.7887503476813436,0.5437593357637525,0.982133898884058,0.49293005373328924,0.3338546371087432,0.2971112737432122,0.052281652577221394,0.08937294688075781,0.27919240295886993,0.06673709582537413,0.2815064424648881,0.24710066616535187,0.6666555125266314,0.8054918954148889,0.7304980549961329,0.08807465247809887,0.3395956801250577,0.29504263307899237,0.6553519759327173,0.3342854231595993,0.5767558300867677,0.7141567897051573,0.16559171583503485,0.8845808189362288,0.08293543010950089,0.4892256362363696,0.21379926521331072,0.1861638529226184,0.7145088165998459,0.2910677185282111,0.18018187582492828,0.27277541905641556,0.40935065504163504,0.6322964783757925
31,sobol,aligned10,0,1.7087856206389,1.851485156283044,1.7087856206389,1.851485156283044,3.2882352490274394,nan,nan,3.568129613995552e-06,0,0,ok,,nan,nan,nan,nan,nan,nan,nan,nan,nan,nan,nan,nan,-0.07227068099698533,0.8803790545373461,0,0.8267752071842551,0.16634268313646317,0.7742215860635042,0.6866961428895593,0.9438472399488091,0.1071277903392911,0.02205073181539774,0.785698052495718,0.08456955570727587,0.37902399990707636,0.9092858573421836,0.5732302777469158,0.2774791168048978,0.9886967008933425,0.4602972026914358,0.057320361956954,0.04460666235536337,0.36366589087992907,0.271885528229177,0.46852631494402885,0.6751277977600694,0.3790061045438051,0.9459990505129099,0.31456943042576313,0.4504040600731969,0.08495587483048439,0.32317572087049484,0.1553843142464757,0.6442203791812062,0.8561895182356238,0.1335488297045231,0.44383613020181656,0.7513090567663312,0.3158728629350662,0.2896484388038516,0.9413290899246931,0.5317335808649659,0.8265508785843849,0.0698274914175272,0.10947757679969072,0.202667448669672,0.06787403393536806,0.003911563195288181,0.9193818448111415,0.6701764268800616,0.6971747409552336,0.496331749483943,0.12918491568416357,0.8408253714442253,0.5884390957653522,0.8085016859695315,0.6503427894786,0.6293526077643037,0.4472332699224353,0.9808675888925791,0.38502104487270117,0.3823166247457266,0.6288097035139799,0.6636007288470864,0.20234048273414373,0.628521166741848,0.2555607855319977,0.30190499871969223,0.1091597443446517,0.257461397908628,0.6719835344702005,0.32804598938673735,0.0005012853071093559,0.31586086843162775,0.5917562423273921,0.9293036982417107,0.8571914080530405,0.5600007828325033,0.5597234973683953,0.666439900174737,0.7227177647873759,0.9037711983546615,0.6544719468802214,0.01509320642799139,0.361677922308445,0.35660265665501356,0.7331048287451267,0.7017828347161412,0.9278136845678091,0.3208412602543831,0.716345988214016,0.07540063001215458,0.2789939232170582,0.8951214775443077,0.23419479839503765,0.5211964044719934,0.8835116326808929,0.6375494347885251,0.9457648051902652,0.10437408369034529,0.5484417313709855,0.8473548106849194,0.5162933561950922,0.7395476726815104,0.46885653771460056
32,sobol,aligned10,0,1.044631496283158,1.1973576079074064,1.7087856206389,1.851485156283044,3.2882352490274394,nan,nan,3.352062776684761e-06,0,0,ok,,nan,nan,nan,nan,nan,nan,nan,nan,nan,nan,nan,nan,-0.01661267157086391,0.9202601053995925,0,0.8405271861702204,0.6818120554089546,0.6341683603823185,0.787197875790298,0.06055391579866409,0.23003210593014956,0.8508689850568771,0.8828565357252955,0.6454773377627134,0.8171428041532636,0.7164697200059891,0.14409482385963202,0.5343009596690536,0.10736562218517065,0.05768794473260641,0.7998345708474517,0.10420799814164639,0.09916859492659569,0.9679395202547312,0.36826756689697504,0.5630578584969044,0.8693059366196394,0.5788923539221287,0.5521970251575112,0.5491863982751966,0.5742831695824862,0.38479819241911173,0.4402794651687145,0.8232270572334528,0.7138381265103817,0.1474433420225978,0.8614337844774127,0.04328230582177639,0.5809638891369104,0.9196890909224749,0.2745294068008661,0.18238711263984442,0.9389309817925096,0.9389217710122466,0.22047495003789663,0.7210829174146056,0.1832540724426508,0.31128480937331915,0.8728297501802444,0.8923050174489617,0.09026610385626554,0.31870402954518795,0.8861978128552437,0.523464915342629,0.4663808364421129,0.7447037380188704,0.17455203272402287,0.14773717429488897,0.16690557170659304,0.9845507862046361,0.8195473281666636,0.3260102141648531,0.7776305032894015,0.7649626107886434,0.842907328158617,0.9732444174587727,0.43157391157001257,0.4969500629231334,0.9025494959205389,0.8266399139538407,0.7435615677386522,0.45147139485925436,0.07422190066426992,0.8664396479725838,0.6954241404309869,0.22583921439945698,0.6687914235517383,0.9757213890552521,0.40787290316075087,0.5596346352249384,0.3478419929742813,0.3925097920000553,0.8048734776675701,0.9335992010310292,0.3241736087948084,0.8266335418447852,0.5887529402971268,0.06035100668668747,0.11407203134149313,0.5013347966596484,0.6265571415424347,0.20716292411088943,0.3832527380436659,0.23824923858046532,0.9040520926937461,0.2434826111420989,0.5997708775103092,0.23736563883721828,0.7208233932033181,0.43284160271286964,0.11057684198021889,0.3913747314363718,0.7850984102115035,0.34253303799778223,0.4052278846502304
33,sobol,aligned10,0,-1.7469081513232045,-1.6437345943470765,1.7087856206389,1.851485156283044,3.2882352490274394,nan,nan,3.163004294037819e-06,0,0,ok,,nan,nan,nan,nan,nan,nan,nan,nan,nan,nan,nan,nan,0.015546242606530692,0.924288881356432,0,0.14438552502542734,0.39424170181155205,0.38789329305291176,0.33947078324854374,0.6213653292506933,0.8744190875440836,0.08570158760994673,0.2694173511117697,0.44930634554475546,0.44908060878515244,0.2591475807130337,0.7369888294488192,0.3114486839622259,0.6021844707429409,0.8093057908117771,0.4896160550415516,0.6305318372324109,0.7851990582421422,0.1675472278147936,0.6818201905116439,0.30775986332446337,0.41647668834775686,0.13853598665446043,0.3439336372539401,0.14603430964052677,0.1767732286825776,0.5601019822061062,0.8335982346907258,0.12331666797399521,0.22718842141330242,0.6216104114428163,7.441267371177673e-05,0.7176253227517009,0.33644770830869675,0.0585855133831501,0.5676775258034468,0.9399444414302707,0.3634160691872239,0.36655923537909985,0.9735044864937663,0.010543020442128181,0.9680004874244332,0.7412341814488173,0.3780267033725977,0.01238040067255497,0.7180801071226597,0.5148148844018579,0.22841273806989193,0.011285415850579739,0.6296202819794416,0.27703910414129496,0.8054843097925186,0.6213907329365611,0.5199211733415723,0.16303532291203737,0.4655664972960949,0.990620638243854,0.15279836766421795,0.08064808789640665,0.12261106725782156,0.38344813510775566,0.5949655342847109,0.54156075976789,0.15675882995128632,0.051886726170778275,0.3581103580072522,0.912154764868319,0.5940418923273683,0.46288488525897264,0.3566083135083318,0.5049018235877156,0.23551101982593536,0.4842301635071635,0.9443581672385335,0.38535870611667633,0.9418570324778557,0.7938046101480722,0.3389694858342409,0.27521616220474243,0.7514544455334544,0.2024825271219015,0.23279274441301823,0.9148653596639633,0.7312169354408979,0.45973161701112986,0.26012832671403885,0.7105036182329059,0.576691035181284,0.9521407736465335,0.24572986271232367,0.6797257261350751,0.02579690422862768,0.6613465826958418,0.39529672358185053,0.7602078532800078,0.8541721720248461,0.5741802807897329,0.0352080212906003,0.5084527479484677,0.7437414042651653
34,sobol,aligned10,0,-0.9918158629390782,-0.8536748645687631,1.7087856206389,1.851485156283044,3.2882352490274394,nan,nan,3.270106390118599e-06,0,0,ok,,nan,nan,nan,nan,nan,nan,nan,nan,nan,nan,nan,nan,-0.036290651332579166,0.9580481570814371,0,0.30837071780115366,0.9154182942584157,0.8548355083912611,0.5343415681272745,0.9092871155589819,0.6550747081637383,0.6861292310059071,0.1544918129220605,0.005370747298002243,0.012382566928863525,0.1829000050202012,0.775681871920824,0.9925777688622475,0.4756451575085521,0.671531431376934,0.7308514527976513,0.830804550088942,0.4795645447447896,0.419289349578321,0.15010870154947042,0.7699894551187754,0.04664026666432619,0.8046281626448035,0.8538750279694796,0.9539288897067308,0.3485736483708024,0.03018116857856512,0.5453093163669109,0.6795541904866695,0.438331569544971,0.47349698282778263,0.5178950512781739,0.3927220832556486,0.015066822990775108,0.3864318039268255,0.8055630633607507,0.2889676680788398,0.5155129283666611,0.5436846977099776,0.34643142856657505,0.8979396242648363,0.6905569499358535,0.17483948450535536,0.5117771485820413,0.33396467100828886,0.4567848276346922,0.019988302141427994,0.6194913424551487,0.3892632918432355,0.7859914787113667,0.7877718843519688,0.45575769431889057,0.8529466213658452,0.46636305283755064,0.5850036786869168,0.1760847344994545,0.04597869887948036,0.27731738053262234,0.30615220963954926,0.45600251015275717,0.6713872095569968,0.9485734021291137,0.8274939460679889,0.31374569423496723,0.3683851230889559,0.021898599341511726,0.558334537781775,0.9963101847097278,0.7493711514398456,0.12263159919530153,0.4119548685848713,0.26571169402450323,0.15447945706546307,0.5993909919634461,0.14109804388135672,0.5055259326472878,0.07307848893105984,0.6206170907244086,0.5548953516408801,0.7312935823574662,0.4678684016689658,0.4345698729157448,0.46850827243179083,0.30948996916413307,0.04968171939253807,0.1837568311020732,0.8032851153984666,0.24886742141097784,0.31160463113337755,0.26534498762339354,0.3351200772449374,0.2918902141973376,0.37502271588891745,0.8694727616384625,0.6971048852428794,0.4251607218757272,0.7743273600935936,0.7371025774627924,0.22446477226912975,0.9204533714801073
35,sobol,aligned10,0,0.8247892015373411,0.8185470647010253,1.7087856206389,1.851485156283044,3.2882352490274394,nan,nan,3.390014171600342e-06,0,0,ok,,nan,nan,nan,nan,nan,nan,nan,nan,nan,nan,nan,nan,-0.06359137166419343,0.9575870736567355,0,0.7389504406601191,0.12595941964536905,0.10843455605208874,0.09242019336670637,0.47007275372743607,0.2598947500810027,0.3887355690822005,0.5057171173393726,0.8413738654926419,0.6286195637658238,0.8591228323057294,0.3705329531803727,0.2242045933380723,0.9710609465837479,0.4141151262447238,0.04125378932803869,0.4351875577121973,0.6665868274867535,0.7127691274508834,0.8383871326223016,0.10918912570923567,0.749580379575491,0.4793900400400162,0.061634890735149384,0.3662312598899007,0.9041922707110643,0.9154209140688181,0.18081582430750132,0.37832541577517986,0.9868375146761537,0.7642839998006821,0.3440977316349745,0.8444161815568805,0.7548832930624485,0.5288540422916412,0.09835426975041628,0.5934001160785556,0.18233810365200043,0.15095649473369122,0.60121382586658,0.3748368239030242,0.4138037823140621,0.8699282575398684,0.23712618183344603,0.6962272971868515,0.8286197939887643,0.8408438442274928,0.27420627512037754,0.9033899595960975,0.12299797683954239,0.19487789552658796,0.586788184940815,0.37737806234508753,0.8466843767091632,0.2517990441992879,0.5466521149501204,0.6451638462021947,0.6521189389750361,0.5983610935509205,0.7347280122339725,0.19114946480840445,0.019069502130150795,0.14961266331374645,0.6230087466537952,0.5023290207609534,0.8766511874273419,0.08200620021671057,0.4535710113123059,0.07970686070621014,0.9615664118900895,0.8198924316093326,0.826083604246378,0.6473020138218999,0.0033358996734023094,0.7890306236222386,0.16204091254621744,0.7420658692717552,0.02408257219940424,0.15419515036046505,0.1624196320772171,0.5920046176761389,0.7582887280732393,0.5731141781434417,0.9110169084742665,0.9738837759941816,0.804618458263576,0.3019889835268259,0.8048568712547421,0.502072075381875,0.6031869603320956,0.7719123894348741,0.8346159756183624,0.9591752281412482,0.012207929976284504,0.11778601631522179,0.664834133349359,0.19125423207879066,0.48946476727724075,0.9255265388637781,0.19717413000762463
36,sobol,aligned10,0,-1.533413604872466,-1.3545013768232022,1.7087856206389,1.851485156283044,3.2882352490274394,nan,nan,3.378838300704956e-06,0,0,ok,,nan,nan,nan,nan,nan,nan,nan,nan,nan,nan,nan,nan,-0.03891413351970636,0.9554137031656396,0,0.5300090406090021,0.8550521535798907,0.30387772154062986,0.16799301281571388,0.31291019078344107,0.11301481164991856,0.5660764966160059,0.045004865154623985,0.2181157534942031,0.3514228453859687,0.07628295850008726,0.4765738733112812,0.8136902758851647,0.6766649298369884,0.33843934815376997,0.20619167108088732,0.31866798270493746,0.5432157441973686,0.3681676769629121,0.3871971005573869,0.7313580308109522,0.8862349204719067,0.9670840222388506,0.24174875114113092,0.41795625910162926,0.403819777071476,0.1624787524342537,0.8869049353525043,0.9093324905261397,0.5539830662310123,0.3467515502125025,0.9795668525621295,0.9114212244749069,0.22250591032207012,0.24601620435714722,0.7202637307345867,0.8366715675219893,0.0670226076617837,0.7023816294968128,0.7056925985962152,0.390298243612051,0.7571900095790625,0.4523670841008425,0.002529853954911232,0.4451717296615243,0.14351641852408648,0.6669546952471137,0.8518015341833234,0.6630937466397882,0.1506085116416216,0.5591468634083867,0.726567349396646,0.07090029027312994,0.3666262235492468,0.09152527432888746,0.728502600453794,0.53462846390903,0.6231471737846732,0.40645093470811844,0.29061310458928347,0.8356875339522958,0.2096353368833661,0.9395670685917139,0.7573887351900339,0.6807484021410346,0.4390172278508544,0.7138920621946454,0.6388173215091228,0.5737484199926257,0.5271129291504622,0.6602493384853005,0.6067735375836492,0.07262566406279802,0.6930888881906867,0.9735551532357931,0.3978179432451725,0.6105430955067277,0.21176028158515692,0.7434661658480763,0.6056575942784548,0.9820009404793382,0.8956860285252333,0.7792645925655961,0.38170022144913673,0.2724393159151077,0.5131658939644694,0.6182653848081827,0.317654293961823,0.6283608945086598,0.74935941118747,0.8962814677506685,0.22391473967581987,0.5959250014275312,0.28002983145415783,0.3257692279294133,0.23905819933861494,0.7248748233541846,0.23576691467314959,0.04886028543114662,0.8252729391679168
37,sobol,aligned10,0,0.3923482348256583,0.4997156563108257,1.7087856206389,1.851485156283044,3.2882352490274394,nan,nan,3.388151526451111e-06,0,0,ok,,nan,nan,nan,nan,nan,nan,nan,nan,nan,nan,nan,nan,-0.079306011123835,0.9730769728897714,0,0.45489627961069345,0.06449179258197546,0.5502746207639575,0.7046483429148793,0.7521264338865876,0.9758914904668927,0.3624328011646867,0.6777207581326365,0.8825351130217314,0.9773015845566988,0.9012864893302321,0.8839201861992478,0.09062068164348602,0.1735455682501197,0.5909728407859802,0.5209725629538298,0.9153414573520422,0.35720808152109385,0.5134085873141885,0.5774281909689307,0.39782055001705885,0.3396706925705075,0.25328848976641893,0.9089965326711535,0.7618840662762523,0.8482285616919398,0.7674675406888127,0.27680431120097637,0.14802073407918215,0.004986336454749107,0.8842116147279739,0.14951946958899498,0.33569534588605165,0.9782299362123013,0.857255956158042,0.4354235753417015,0.03174987714737654,0.7362894276157022,0.11823597270995378,0.4606758337467909,0.8505938434973359,0.09741832036525011,0.5068291304633021,0.7463734745979309,0.5886765066534281,0.51737648434937,0.4721977785229683,0.010425071232020855,0.17631251644343138,0.9404936414211988,0.466504106298089,0.3461165549233556,0.6597887007519603,0.9471574034541845,0.7611251277849078,0.11178030073642731,0.1491908198222518,0.4981929901987314,0.7479996494948864,0.510958245024085,0.3081167722120881,0.764139212667942,0.019970952533185482,0.057740774005651474,0.4397483039647341,0.5842970013618469,0.17506371717900038,0.15860925801098347,0.2238817047327757,0.43647961504757404,0.06872167997062206,0.047517528757452965,0.565093694254756,0.15926234517246485,0.08142092451453209,0.8038141243159771,0.19924638327211142,0.6835851380601525,0.09043920040130615,0.03781482111662626,0.10619816184043884,0.2828884460031986,0.13370265159755945,0.780117061920464,0.6888594496995211,0.38157836627215147,0.11983599606901407,0.628648123703897,0.43601774610579014,0.3996863039210439,0.4575931280851364,0.6494491305202246,0.05083409510552883,0.6016504596918821,0.99694555811584,0.9837522255256772,0.3100164858624339,0.9907899787649512,0.8480806797742844,0.04146979283541441
38,sobol,aligned10,0,1.946482410929153,1.9725245231350017,1.946482410929153,1.9725245231350017,3.1671958821754815,nan,nan,3.7171412259340286e-06,0,0,ok,,nan,nan,nan,nan,nan,nan,nan,nan,nan,nan,nan,nan,-0.06689405728305886,0.9631516112580414,0,0.11894250754266977,0.6180317979305983,0.20807327423244715,0.41526414174586535,0.7162722134962678,0.5068217730149627,0.9008601438254118,0.8048603571951389,0.5770200239494443,0.5465867910534143,0.5400276202708483,0.5954712321981788,0.6506405305117369,0.8106436729431152,0.9513882957398891,0.26196455024182796,0.6233941856771708,0.9090508753433824,0.7611745111644268,0.10626363661140203,0.9296998716890812,0.21719372924417257,0.6810994083061814,0.41468012519180775,0.07173130940645933,0.6771333245560527,0.2993758153170347,0.09429074358195066,0.5918313721194863,0.29433742444962263,0.016806858591735363,0.6360901081934571,0.5265963897109032,0.685901777818799,0.7164213843643665,0.18795553501695395,0.6932559376582503,0.3849642798304558,0.7841271497309208,0.8299400871619582,0.24482972268015146,0.37486066948622465,0.06537341885268688,0.3626688374206424,0.7535157902166247,0.27845821529626846,0.9930253447964787,0.6494833463802934,0.29845491889864206,0.5971111841499805,0.9694168483838439,0.8828683635219932,0.9284388246014714,4.5068562030792236e-05,0.4947430742904544,0.2758958525955677,0.8141677603125572,0.11880670674145222,0.8965797470882535,0.9104278143495321,0.5279711280018091,0.660228562541306,0.360989423468709,0.46375864557921886,0.13899745419621468,0.7954448675736785,0.29585286509245634,0.31066249310970306,0.9413009658455849,0.1702160034328699,0.9751491164788604,0.4546779925003648,0.8001184342429042,0.2517956541851163,0.32180585991591215,0.7409884976223111,0.9160507572814822,0.4017501585185528,0.8725285632535815,0.44835499022156,0.37201032880693674,0.11250055395066738,0.7499830704182386,0.20212484057992697,0.7865924602374434,0.047644346952438354,0.4020093185827136,0.050671886652708054,0.827712457627058,0.10675571206957102,0.5582922976464033,0.9155538845807314,0.7667852630838752,0.13138088025152683,0.5619868393987417,0.30339800380170345,0.10781994182616472,0.28158263862133026,0.38385967444628477,0.37247851956635714
39,sobol,aligned10,0,-0.7918054471721985,-0.6225426459756109,1.946482410929153,1.9725245231350017,3.1671958821754815,nan,nan,3.3690594136714935e-06,0,0,ok,,nan,nan,nan,nan,nan,nan,nan,nan,nan,nan,nan,nan,-0.015269019636591885,1.0025718615461865,0,0.9283712599426508,0.3293675724416971,0.9543519178405404,0.9577104039490223,0.15545891877263784,0.3926638290286064,0.16694283206015825,0.4099311688914895,0.2716699056327343,0.1569163566455245,0.4961348604410887,0.0008680988103151321,0.382515667937696,0.30790393333882093,0.19684076216071844,0.9473660485818982,0.14186347369104624,0.22202087193727493,0.1247992105782032,0.9217698508873582,0.19111785013228655,0.5138988625258207,0.09805046580731869,0.7479358986020088,0.733047503978014,0.074671171605587,0.629929612390697,0.7420028578490019,0.35420123022049665,0.7804975369945168,0.7453985596075654,0.4934807997196913,0.22823732811957598,0.4259663224220276,0.32386297173798084,0.9024814246222377,0.4352093664929271,0.8118910118937492,0.3953772010281682,0.08276991825550795,0.517688300460577,0.5266343355178833,0.8859495213255286,0.8881876179948449,0.15483376383781433,0.9043997144326568,0.17350139655172825,0.49560687597841024,0.7832923261448741,0.3069791868329048,0.0015161186456680298,0.0023327069357037544,0.34154166374355555,0.6860529854893684,0.6682176915928721,0.8760316027328372,0.49416326079517603,0.9937303131446242,0.19908979628235102,0.13175166118890047,0.10995854623615742,0.37183694541454315,0.6638552462682128,0.7249261066317558,0.9893117481842637,0.1809895932674408,0.8190362425521016,0.767891300842166,0.35657472629100084,0.7612109836190939,0.2546840235590935,0.8871211726218462,0.30827219784259796,0.8510514004155993,0.7480959305539727,0.08448473829776049,0.2726907478645444,0.9924867916852236,0.46158995293080807,0.8765449300408363,0.7479203790426254,0.695008959621191,0.354390611872077,0.5849103610962629,0.2372072385624051,0.9326726272702217,0.8984549418091774,0.9893500115722418,0.11191458534449339,0.7610399955883622,0.12003132328391075,0.4587636524811387,0.3193658059462905,0.9847396705299616,0.13885598350316286,0.5441699773073196,0.9270981857553124,0.5387362111359835,0.7182223787531257,0.5254224175587296
40,sobol,aligned10,0,1.8525275210912804,1.859679011268294,1.946482410929153,1.9725245231350017,3.1671958821754815,nan,nan,3.244960680603981e-06,0,0,ok,,nan,nan,nan,nan,nan,nan,nan,nan,nan,nan,nan,nan,-0.034682430324982055,0.9973564654589497,0,0.9633706333115697,0.9934316230937839,0.13121116906404495,0.665384029969573,0.5334125058725476,0.33056560158729553,0.5225837202742696,0.12137250043451786,0.14990353491157293,0.7050855029374361,0.4302283376455307,0.24463147949427366,0.05077299941331148,0.8557542730122805,0.6900266306474805,0.17126589361578226,0.7500288486480713,0.6979022258892655,0.25626744888722897,0.22675039060413837,0.6424520444124937,0.2887995969504118,0.7265614280477166,0.14359916374087334,0.8738344013690948,0.5293187694624066,0.5889028143137693,0.3594743302091956,0.2499217875301838,0.31642690394073725,0.299513665959239,0.27328053303062916,0.09244363196194172,0.1359475227072835,0.07100242283195257,0.13282922003418207,0.11635943502187729,0.2124458672478795,0.6102101448923349,0.9147382508963346,0.10518140438944101,0.20526974368840456,0.7606514040380716,0.9733129665255547,0.8598444433882833,0.4172487994655967,0.07398193422704935,0.561950970441103,0.8670729678124189,0.3969725798815489,0.3715861812233925,0.28260885272175074,0.04079871252179146,0.9333919379860163,0.33823719900101423,0.646496644243598,0.1972491443157196,0.2001470886170864,0.8160761324688792,0.6684303665533662,0.4597660321742296,0.47701975144445896,0.1056453064084053,0.0875463429838419,0.0799375707283616,0.9766656048595905,0.6653045825660229,0.20466659776866436,0.281974283978343,0.4750953260809183,0.37361628748476505,0.7546144481748343,0.19468074664473534,0.47749434132128954,0.9133623773232102,0.8884078226983547,0.8510201284661889,0.9199985461309552,0.33728308230638504,0.8689915779978037,0.876990107819438,0.148041520267725,0.23205898981541395,0.1267141755670309,0.1804720852524042,0.5748735526576638,0.16596652753651142,0.8736607227474451,0.6204005302861333,0.822324063628912,0.8167384173721075,0.36402013525366783,0.44918825570493937,0.6516483435407281,0.5829284368082881,0.05283788964152336,0.9806649759411812,0.16719478275626898,0.5876774648204446,0.7875789068639278
41,sobol,aligned10,0,-0.9789827641581959,-1.0995434088295883,1.946482410929153,1.9725245231350017,3.1671958821754815,nan,nan,3.2240059226751328e-06,0,0,ok,,nan,nan,nan,nan,nan,nan,nan,nan,nan,nan,nan,nan,0.011347080685170687,1.0272327356068798,0,0.020596278831362724,0.20397490169852972,0.8770015314221382,0.20783769991248846,0.09417740534991026,0.693931414745748,0.2887275945395231,0.7261991193518043,0.9388989713042974,0.09092408325523138,0.6059341691434383,0.651977663859725,0.7949771173298359,0.3526327917352319,0.4426210429519415,0.6027619782835245,0.4834907529875636,0.3858706131577492,0.6121251713484526,0.7920129485428333,0.4789186930283904,0.9920982783660293,0.05753685347735882,0.943636542186141,0.4620117833837867,0.22565205208957195,0.4809970958158374,0.9759228471666574,0.948554253205657,0.8655743477866054,0.9617296196520329,0.5994831519201398,0.6681006764993072,0.8763136705383658,0.9673307919874787,0.9573635952547193,0.7650357745587826,0.606319916434586,0.19429429154843092,0.16959893144667149,0.6280399821698666,0.9284030627459288,0.19061025511473417,0.27582687325775623,0.23186524771153927,0.7895415872335434,0.7526247631758451,0.3416839335113764,0.3480556197464466,0.7024770844727755,0.6539408108219504,0.6670267982408404,0.6901953294873238,0.25514371134340763,0.5122316731140018,0.013218575157225132,0.6116159046068788,0.8250097716227174,0.029717511497437954,0.3894952926784754,0.9325576964765787,0.5475157862529159,0.9318879516795278,0.8487136922776699,0.7915052957832813,0.12478363793343306,0.18848026730120182,0.7478953748941422,0.8891309453174472,0.5657066907733679,0.9031519042328,0.33718782383948565,0.7027737190946937,0.8890112964436412,0.016371998004615307,0.2949080057442188,0.4631532719358802,0.4504319531843066,0.9967788057401776,0.30011560302227736,0.0030789440497756004,0.5342828016728163,0.867912526242435,0.5251853754743934,0.8587175384163857,0.4447498554363847,0.6663814643397927,0.18003685772418976,0.31860400177538395,0.04303024336695671,0.2549384720623493,0.7583061372861266,0.9041135618463159,0.482050315476954,0.2242509126663208,0.7944800946861506,0.05371885374188423,0.9187331171706319,0.26531675923615694,0.0635690987110138
42,sobol,aligned10,0,-0.21471374310914185,-0.32100635527583005,1.946482410929153,1.9725245231350017,3.1671958821754815,nan,nan,3.2598618417978287e-06,0,0,ok,,nan,nan,nan,nan,nan,nan,nan,nan,nan,nan,nan,nan,-0.012232201334909468,1.0260986301808785,0,0.4346140157431364,0.7285527419298887,0.34804786927998066,0.9183624228462577,0.4366877479478717,0.7883058311417699,0.9520977372303605,0.8539486452937126,0.5078416736796498,0.40081403311342,0.9672159189358354,0.8625541031360626,0.47706727124750614,0.7252964954823256,0.08411104418337345,0.3593896050006151,0.05473515298217535,0.8166213855147362,0.863385665230453,0.25840942934155464,0.9425843060016632,0.6116417394950986,0.8757586721330881,0.4493665238842368,0.6525922631844878,0.30360847525298595,0.9530260637402534,0.6529809227213264,0.25272551365196705,0.5919378753751516,0.06306723412126303,0.11681550741195679,0.46959694661200047,0.7096568951383233,0.6081653637811542,0.666015038266778,0.47852470725774765,0.272578839212656,0.9034040961414576,0.542769911698997,0.27994680032134056,0.6667082831263542,0.6319593992084265,0.6458911532536149,0.42600134667009115,0.03571542538702488,0.2753158016130328,0.9515250250697136,0.2202067282050848,0.8586119636893272,0.15697919018566608,0.06388793233782053,0.9608368333429098,0.6998751945793629,0.24755851458758116,0.34910517651587725,0.41721813939511776,0.69849166367203,0.3647646140307188,0.0328685287386179,0.1541401082649827,0.9011823553591967,0.7183403968811035,0.6297259014099836,0.6001907158643007,0.25695665553212166,0.340542109683156,0.8453843761235476,0.1649057837203145,0.8319741021841764,0.05859516188502312,0.18014799244701862,0.9358758497983217,0.5435635065659881,0.25990549102425575,0.23060181457549334,0.6838791696354747,0.7320855017751455,0.21615478210151196,0.2177314544096589,0.26895262114703655,0.8608622215688229,0.26530780270695686,0.4471621559932828,0.636045572347939,0.11044819839298725,0.8234938709065318,0.5078299744054675,0.9293540380895138,0.46096082776784897,0.728687847033143,0.5547433374449611,0.18061088770627975,0.7529340134933591,0.28712549060583115,0.48875989858061075,0.34777350164949894,0.36919702775776386,0.9715078454464674,0.27150080911815166
43,sobol,aligned10,0,-0.9917227317072987,-0.9215426296864455,1.946482410929153,1.9725245231350017,3.1671958821754815,nan,nan,3.310851752758026e-06,0,0,ok,,nan,nan,nan,nan,nan,nan,nan,nan,nan,nan,nan,nan,-0.0169410743994265,1.0145561300845543,0,0.611700308509171,0.44098404981195927,0.5939564872533083,0.45501034520566463,0.9974898593500257,0.17561188526451588,0.24851487018167973,0.485932064242661,0.3290150351822376,0.7709508333355188,0.010353554971516132,0.2679511131718755,0.7397155715152621,0.2225583316758275,0.8296244228258729,0.9280773410573602,0.7100367359817028,0.0056121135130524635,0.0006154580041766167,0.6988841760903597,0.1860486501827836,0.15820978209376335,0.3416277365759015,0.6498021529987454,0.058192409574985504,0.9530707942321897,0.11757574696093798,0.011617178097367287,0.5531646460294724,0.10592846944928169,0.6669030459597707,0.7554562008008361,0.767902790568769,0.46568967681378126,0.49315565545111895,0.48991641215980053,0.6428261660039425,0.9084878005087376,0.2922136513516307,0.29572134371846914,0.9902424002066255,0.45132783334702253,0.32705395575612783,0.10520181339234114,0.540209423750639,0.6637431131675839,0.5787261985242367,0.1687579806894064,0.7372611723840237,0.05284935608506203,0.814073939807713,0.9482686994597316,0.30944895185530186,0.11146320775151253,0.9176152525469661,0.9989693034440279,0.7661586692556739,0.3237204737961292,0.5393215510994196,0.75295474473387,0.736245752312243,0.06457394268363714,0.25974365044385195,0.43007781356573105,0.2790646543726325,0.641372355632484,0.8017060793936253,0.32605038210749626,0.5059529170393944,0.24099341221153736,0.7170667676255107,0.7241471195593476,0.4284046748653054,0.07247670833021402,0.6852381210774183,0.5746020572260022,0.00146427471190691,0.13921266049146652,0.6176930097863078,0.6450102627277374,0.6428480362519622,0.44240916334092617,0.6510697863996029,0.8300153873860836,0.3406431367620826,0.9949892107397318,0.32121747732162476,0.4521481255069375,0.13538723718374968,0.6856434717774391,0.1674370989203453,0.06670554727315903,0.733177125453949,0.11507438588887453,0.8977546794340014,0.7342926850542426,0.686706056818366,0.6229993849992752,0.1764750275760889,0.6107448507100344
44,sobol,aligned10,0,-0.8374027445020503,-0.849470519762803,1.946482410929153,1.9725245231350017,3.1671958821754815,nan,nan,3.2901298254728317e-06,0,0,ok,,nan,nan,nan,nan,nan,nan,nan,nan,nan,nan,nan,nan,-0.03909520297460542,1.013427374491423,0,0.6488811494782567,0.5400089249014854,0.8047673469409347,0.28446580562740564,0.8401975128799677,0.447541787289083,0.8005507355555892,0.963223828934133,0.7052076067775488,0.23545684665441513,0.7922168476507068,0.3760366439819336,0.329933556728065,0.4271097043529153,0.909221694804728,0.8274094788357615,0.5438345400616527,0.12833472806960344,0.9064998971298337,0.028652289882302284,0.5602028518915176,0.45905083045363426,0.8530190950259566,0.5800341330468655,0.22600985411554575,0.4527270933613181,0.8665811410173774,0.8114713653922081,0.021726512350142002,0.41574999038130045,0.19467926677316427,0.38952246494591236,0.9606328345835209,0.5566614801064134,0.7798978956416249,0.8599493270739913,0.8956496119499207,0.8402019189670682,0.8736094469204545,0.40217636805027723,0.7563379425555468,0.858185269869864,0.9951785122975707,0.15232892520725727,0.2872028173878789,0.34945685509592295,0.9135040193796158,0.715064206160605,0.9461855012923479,0.20491058938205242,0.43213828932493925,0.8709438852965832,0.24031590297818184,0.5999090457335114,0.7419891925528646,0.8054534289985895,0.9134353064000607,0.4205407276749611,0.48126032017171383,0.2136702612042427,0.34952066000550985,0.13203421235084534,0.5808865437284112,0.1894558873027563,0.4128095796331763,0.2040959605947137,0.4336456637829542,0.5192372398450971,0.027353730984032154,0.30237332452088594,0.8103610062971711,0.9425964951515198,0.8536663064733148,0.6375894257798791,0.6237299339845777,0.8738703802227974,0.13249948248267174,0.0771006103605032,0.02752257138490677,0.09190854616463184,0.7830851599574089,0.3362599704414606,0.9507901836186647,0.36310762632638216,0.9213030496612191,0.6877776551991701,0.504681259393692,0.925371759571135,0.011523555964231491,0.5399497728794813,0.0398497162386775,0.9918289231136441,0.8386757681146264,0.3511583935469389,0.6584762278944254,0.175703058950603,0.15107126254588366,0.868809406645596,0.801759872585535,0.4898500991985202
45,sobol,aligned10,0,0.5184682159133374,0.576080976879578,1.946482410929153,1.9725245231350017,3.1671958821754815,nan,nan,3.284076228737831e-06,0,0,ok,,nan,nan,nan,nan,nan,nan,nan,nan,nan,nan,nan,nan,-0.05683537056410419,1.0089893153217169,0,0.33507789485156536,0.2513463757932186,0.058854675851762295,0.8425370529294014,0.279397327452898,0.5924161970615387,0.0032178349792957306,0.3142050448805094,0.38555535580962896,0.6230517225340009,0.24980596359819174,0.9689307929947972,0.5743778813630342,0.9219301361590624,0.16077862866222858,0.38390472531318665,0.1913960725069046,0.9403587393462658,0.2079908223822713,0.9671753458678722,0.3184301042929292,0.7561145322397351,0.4261803403496742,0.2546061184257269,0.5632049944251776,0.8032354302704334,0.18836542405188084,0.41571047622710466,0.7837134702131152,0.9022451741620898,0.5440905662253499,0.7469130950048566,0.2863587746396661,0.2972754640504718,0.1334328753873706,0.043723869137465954,0.23183548822999,0.47757596243172884,0.4460315853357315,0.6550843184813857,0.48323514219373465,0.010091530159115791,0.0496500339359045,0.5987640395760536,0.682668274268508,0.9754899647086859,0.23253015335649252,0.43620201107114553,0.464285172522068,0.8837806154042482,0.5894843898713589,0.23604421876370907,0.5283848717808723,0.2116773510351777,0.4072901653125882,0.4094346212223172,0.2782413261011243,0.545525518245995,0.6728847492486238,0.9925640923902392,0.7595985224470496,0.8436426790431142,0.37962891533970833,0.9987190514802933,0.7167242635041475,0.8194686081260443,0.9573096260428429,0.062495152465999126,0.6745875999331474,0.6411996567621827,0.46829927526414394,0.3991942657157779,0.34655013866722584,0.22879223432391882,0.4465052327141166,0.4673518240451813,0.5572241861373186,0.5447746440768242,0.681632180698216,0.520096461288631,0.15704158041626215,0.981291726231575,0.08644535578787327,0.9803202413022518,0.11811869125813246,0.32379125989973545,0.007232370786368847,0.11468446534126997,0.8034923477098346,0.3271173369139433,0.603118316270411,0.3866075109690428,0.2626729244366288,0.5168504398316145,0.01861069444566965,0.9145377101376653,0.8139765122905374,0.12336886581033468,0.09707508981227875,0.6435244744643569
46,sobol,aligned10,0,-0.3271004384521769,-0.3629191466790346,1.946482410929153,1.9725245231350017,3.1671958821754815,nan,nan,3.4549739211797714e-06,0,0,ok,,nan,nan,nan,nan,nan,nan,nan,nan,nan,nan,nan,nan,-0.04432877085807285,1.0014820957661863,0,0.24903459660708904,0.8083171965554357,0.7130680056288838,0.037560902535915375,0.18872566893696785,0.9365769941359758,0.7285805968567729,0.1996451886370778,0.06606333330273628,0.9311086060479283,0.32603064365684986,0.5085985464975238,0.1353897862136364,0.06214514095336199,0.30442954413592815,0.6407772526144981,0.27042048797011375,0.26362862810492516,0.455261766910553,0.4980248920619488,0.8528440278023481,0.6288768267259002,0.5139334164559841,0.7645011534914374,0.2557390909641981,0.7260405756533146,0.7222225302830338,0.20538078993558884,0.4796084901317954,0.6753988545387983,0.4272347670048475,0.23299545049667358,0.6033007614314556,0.10107768047600985,0.30558658484369516,0.3295181505382061,0.5078186988830566,0.6433425657451153,0.6439071083441377,0.024104533717036247,0.6126843607053161,0.27178845182061195,0.6160602224990726,0.478715050034225,0.9710493599995971,0.2285531423985958,0.7395021934062243,0.7940265284851193,0.0922584030777216,0.5396579429507256,0.10032755229622126,0.5271886475384235,0.7580256517976522,0.766759923659265,0.8290143506601453,0.1989142308011651,0.6929740998893976,0.9151002066209912,0.9637534273788333,0.5850722147151828,0.045847680419683456,0.7397906109690666,0.22012717369943857,0.5307153929024935,0.8925354368984699,0.562477738596499,0.5722620934247971,0.4097080612555146,0.3949062805622816,0.8751802006736398,0.6243681451305747,0.119114238768816,0.01872204151004553,0.3208449138328433,0.20690850168466568,0.03057775739580393,0.3404195588082075,0.2629422741010785,0.3985364716500044,0.9933522501960397,0.4223668947815895,0.6858268845826387,0.5464781420305371,0.05856228433549404,0.4032296296209097,0.24802486691623926,0.4750745454803109,0.6925691589713097,0.4445115299895406,0.18250220455229282,0.38154762890189886,0.18303326703608036,0.540801465511322,0.24987230636179447,0.4537682393565774,0.3608927112072706,0.518187060020864,0.6646232381463051,0.6387725872918963,0.9432529294863343
47,sobol,aligned10,0,0.9812186478696826,1.1600935714907243,1.946482410929153,1.9725245231350017,3.1671958821754815,nan,nan,3.3690594136714935e-06,0,0,ok,,nan,nan,nan,nan,nan,nan,nan,nan,nan,nan,nan,nan,-0.050345189317521875,0.991610686279607,0,0.797271859832108,0.017758973874151707,0.4672812195494771,0.5898411879315972,0.6279588434845209,0.04286272544413805,0.4634745568037033,0.5854736343026161,0.7766454191878438,0.30315524339675903,0.6495866309851408,0.10344949923455715,0.8977668853476644,0.5575588177889585,0.5469523193314672,0.08446439635008574,0.996058358810842,0.5746608199551702,0.6626364812254906,0.5613328907638788,0.018526709638535976,0.08170988969504833,0.20636664610356092,0.08945613075047731,0.9084151992574334,0.02967750933021307,0.33208316192030907,0.5674326391890645,0.7184021146968007,0.12673838064074516,0.8427775539457798,0.9029481327161193,0.15165976528078318,0.8573509072884917,0.6707329442724586,0.5129329189658165,0.35962969437241554,0.038681697100400925,0.03657379746437073,0.7790094707161188,0.15214446373283863,0.6121321907266974,0.43664210475981236,0.770424791611731,0.12432804331183434,0.6027489630505443,0.43378417659550905,0.07766434084624052,0.5761173367500305,0.3610450364649296,0.8824462052434683,0.3923128079622984,0.4718716684728861,0.4215354835614562,0.006063652224838734,0.5783469807356596,0.12321421783417463,0.0402069091796875,0.13197755720466375,0.3649442717432976,0.5652398802340031,0.2942945407703519,0.8037399314343929,0.28492485359311104,0.22918590251356363,0.4142089691013098,0.0329377856105566,0.8904069280251861,0.8072806252166629,0.03622728306800127,0.1534300148487091,0.5351846357807517,0.5271695367991924,0.795071323402226,0.8479784596711397,0.686559141613543,0.9703520834445953,0.8578288061544299,0.8103441027924418,0.42550744861364365,0.5485167959704995,0.010537423193454742,0.43216383177787066,0.6601435830816627,0.5736930407583714,0.8654675120487809,0.9744461644440889,0.2537065465003252,0.744279408827424,0.9658148977905512,0.9452435942366719,0.6945105204358697,0.12493967264890671,0.8838259521871805,0.845587344840169,0.6036178097128868,0.4469557283446193,0.4213246498256922,0.4614154687151313,0.15871929097920656
48,sobol,aligned10,0,1.4022602630321332,1.4634184300803446,1.946482410929153,1.9725245231350017,3.1671958821754815,nan,nan,3.310851752758026e-06,0,0,ok,,nan,nan,nan,nan,nan,nan,nan,nan,nan,nan,nan,nan,-0.028854276042788462,0.9922267371401094,0,0.7734746979549527,0.7517198100686073,0.9276094660162926,0.3922069240361452,0.4474701564759016,0.6176684238016605,0.1217100229114294,0.24758087284862995,0.9868910619989038,0.9415667885914445,0.6817061910405755,0.46248301677405834,0.42827664222568274,0.6262403381988406,0.4892556658014655,0.7802254799753428,0.8461925992742181,0.8447679802775383,0.38867827970534563,0.31961938738822937,0.45370341930538416,0.22185266483575106,0.23752177692949772,0.2988163260743022,0.18598707672208548,0.638752811588347,0.2575233532115817,0.6102902507409453,0.9888331647962332,0.9334247745573521,0.3164937626570463,0.5682944292202592,0.12375038955360651,0.21760242991149426,0.6398489456623793,0.9839403741061687,0.27125708665698767,0.9889241876080632,0.9818916562944651,0.7227920675650239,0.8138407459482551,0.49897634144872427,0.9673802247270942,0.43556605372577906,0.9095361391082406,0.5718625085428357,0.04997898451983929,0.2816879376769066,0.9087188579142094,0.6602951372042298,0.08774556592106819,0.7704862961545587,0.1575359022244811,0.7215676084160805,0.10237244423478842,0.24265402927994728,0.8951227329671383,0.44243141170591116,0.46835650876164436,0.5393679672852159,0.43173147924244404,0.583550127223134,0.34039491042494774,0.9631702285259962,0.7760841809213161,0.13879722822457552,0.6126131843775511,0.2744674189016223,0.628371492959559,0.5539315035566688,0.0098819425329566,0.5176191022619605,0.16721565276384354,0.35019025206565857,0.8317233007401228,0.6435166858136654,0.7579284626990557,0.6327686766162515,0.09494096413254738,0.40358314756304026,0.6589991170912981,0.20599781814962626,0.8822361109778285,0.9000900015234947,0.30148037802428007,0.029065064154565334,0.775679255835712,0.07284644525498152,0.38597031217068434,0.9981477847322822,0.6390420356765389,0.2048050109297037,0.13359558302909136,0.5562544669955969,0.7472959598526359,0.13071140181273222,0.16971978172659874,0.704889458604157,0.5485850274562836,0.43426274228841066
49,sobol,aligned10,0,0.45876830664479507,0.3168383417177658,1.946482410929153,1.9725245231350017,3.1671958821754815,nan,nan,3.3471733331680298e-06,0,0,ok,,nan,nan,nan,nan,nan,nan,nan,nan,nan,nan,nan,nan,0.00035214312200585986,1.0026796565758742,0,0.2103391345590353,0.039406757801771164,0.17340006679296494,0.9805592400953174,0.8832529187202454,0.48103399109095335,0.8243773924186826,0.6000231569632888,0.1664939895272255,0.32342829182744026,0.3583029331639409,0.9303798852488399,0.6674711089581251,0.1289956346154213,0.7376376949250698,0.4615833992138505,0.38830547221004963,0.03179002646356821,0.7448564218357205,0.6293887849897146,0.6671179905533791,0.550288449972868,0.545095925219357,0.5983883226290345,0.5250417366623878,0.11621806211769581,0.6720882337540388,0.22624857909977436,0.18766068294644356,0.38433744572103024,0.9203296191990376,0.30459134094417095,0.6369150020182133,0.9577585272490978,0.2744584456086159,0.17564936727285385,0.6069605154916644,0.3144407691434026,0.33921422343701124,0.46994748432189226,0.4159820470958948,0.6508134417235851,0.022825447842478752,0.8133372766897082,0.06082313694059849,0.19790841080248356,0.8694927031174302,0.5653103943914175,0.42290679924190044,0.4971226053312421,0.9306422350928187,0.15487470757216215,0.5725885136052966,0.09026292711496353,0.8105811765417457,0.5975964171811938,0.29606561828404665,0.5675686914473772,0.6273190230131149,0.26073759235441685,0.9591498170047998,0.3880541017279029,0.6357379937544465,0.2255622074007988,0.09563715849071741,0.7753775585442781,0.026450105011463165,0.8020083205774426,0.04464094713330269,0.3926322339102626,0.726901575922966,0.07808244600892067,0.659924010746181,0.750202102586627,0.22279692068696022,0.049501705914735794,0.4269234798848629,0.22350530233234167,0.6923031443729997,0.9607450067996979,0.2851495100185275,0.6000447599217296,0.018029089085757732,0.25168746802955866,0.7218372756615281,0.8965000798925757,0.2752969190478325,0.8870973223820329,0.6779238469898701,0.14845748152583838,0.20236416440457106,0.6698939958587289,0.717753236182034,0.32744563184678555,0.07465409860014915,0.9045950146391988,0.866189569234848,0.4591820081695914,0.3512245900928974,0.7146455133333802
50,sobol,aligned10,0,0.1178782403156441,0.11860710717555817,1.946482410929153,1.9725245231350017,3.1671958821754815,nan,nan,3.363005816936493e-06,0,0,ok,,nan,nan,nan,nan,nan,nan,nan,nan,nan,nan,nan,nan,0.009520466392461645,0.9946748279035106,0,0.37450934015214443,0.5181171866133809,0.5858376044780016,0.14515658747404814,0.5851151347160339,0.012910791672766209,0.4115718472748995,0.9802142083644867,0.3467577723786235,0.1369820348918438,0.21576378494501114,0.5784489409998059,0.10738995671272278,0.7614589249715209,0.8440248370170593,0.6890293667092919,0.08842369727790356,0.7339644366875291,0.9965211674571037,0.1639688666909933,0.12938502337783575,0.9284838866442442,0.3945377031341195,0.10822290182113647,0.3408057987689972,0.41304649598896503,0.14390358049422503,0.4026599442586303,0.5094668120145798,0.15815031807869673,0.05292498227208853,0.7867674781009555,0.43829301837831736,0.6282604355365038,0.1652934942394495,0.4516207342967391,0.1336704334244132,0.5568734742701054,0.500709930434823,0.8509268499910831,0.551031181588769,0.8813021127134562,0.5813618479296565,0.20293183624744415,0.35070724319666624,0.9436321556568146,0.34472742304205894,0.20446129515767097,0.05088455602526665,0.09123390819877386,0.3807670008391142,0.6142186755314469,0.8432146357372403,0.8960173632949591,0.45306949224323034,0.7607523342594504,0.7405837867408991,0.9401798341423273,0.978231274522841,0.16162622906267643,0.23540447000414133,0.03829377330839634,0.983560848981142,0.25705781020224094,0.2948858356103301,0.5948657738044858,0.3814786374568939,0.6652434384450316,0.7608147133141756,0.12765393685549498,0.320844286121428,0.42069883178919554,0.9552871342748404,0.6591488365083933,0.49879300873726606,0.48772501666098833,0.7061973512172699,0.9416781682521105,0.4736905861645937,0.5570410136133432,0.05048100836575031,0.8016852149739861,0.5990176387131214,0.7046682490035892,0.7570397667586803,0.5316840596497059,0.24313906766474247,0.3088235277682543,0.07016417570412159,0.3555421782657504,0.7813539477065206,0.9037760095670819,0.4958774112164974,0.9080288875848055,0.3904578424990177,0.32006619684398174,0.5370132010430098,0.7509359121322632,0.8855997761711478,0.8875122731551528
51,sobol,aligned10,0,-0.7728911216217528,-0.6377885424353016,1.946482410929153,1.9725245231350017,3.1671958821754815,nan,nan,3.3101532608270645e-06,0,0,ok,,nan,nan,nan,nan,nan,nan,nan,nan,nan,nan,nan,nan,0.011645128626249534,0.9849894181450458,0,0.6719570802524686,0.30769979301840067,0.33174646086990833,0.7277026791125536,0.020929424092173576,0.9002161379903555,0.6464654812589288,0.35969891119748354,0.5585729572921991,0.5032953033223748,0.757838848978281,0.04829525202512741,0.859390483237803,0.2645632065832615,0.10144102852791548,0.007609697058796883,0.6773228468373418,0.41999465972185135,0.13358309864997864,0.8484621644020081,0.999797260388732,0.3501890068873763,0.8213690798729658,0.8081778977066278,0.9952845266088843,0.8436327064409852,0.7859826609492302,0.7608060110360384,0.30961266346275806,0.6442198315635324,0.7151408912613988,0.08562631532549858,0.7990912906825542,0.3840149790048599,0.8120026551187038,0.6427262900397182,0.9849987430498004,0.14004996791481972,0.17830613534897566,0.0959593802690506,0.21573546435683966,0.22159382794052362,0.4009700287133455,0.547924617305398,0.7441819608211517,0.31784561183303595,0.5394964618608356,0.9255837593227625,0.5386442597955465,0.7541721789166331,0.5984056973829865,0.4986289767548442,0.42623179499059916,0.292033901438117,0.649589023552835,0.3911464810371399,0.07609281223267317,0.06495106127113104,0.17621719557791948,0.8820171440020204,0.6535084405913949,0.9999021952971816,0.05592367146164179,0.5581460855901241,0.5846480075269938,0.49118115194141865,0.9833038505166769,0.1303473198786378,0.41195120569318533,0.788575298152864,0.9168013539165258,0.9875098615884781,0.46368122566491365,0.19175465777516365,0.571564638055861,0.831209977157414,0.10748454742133617,0.4135030768811703,0.8133394261822104,0.11023558955639601,0.924437920562923,0.37542649637907743,0.48484113439917564,0.07189893908798695,0.2037788163870573,0.41769003495574,0.7454441273584962,0.74490075558424,0.869947318919003,0.5098130805417895,0.3449811330065131,0.4699388127774,0.9198636151850224,0.2099818903952837,0.8111461317166686,0.5899981930851936,0.4988695699721575,0.006866874173283577,0.21556674968451262,0.23017626535147429
52,sobol,aligned10,0,-1.2188220233053328,-1.1414524657572604,1.946482410929153,1.9725245231350017,3.1671958821754815,nan,nan,3.247056156396866e-06,0,0,ok,,nan,nan,nan,nan,nan,nan,nan,nan,nan,nan,nan,nan,-0.003442106955442817,0.9814047280406367,0,0.5878919409587979,0.7036015493795276,0.011320463381707668,0.5269160019233823,0.17614653799682856,0.7190312845632434,0.33618999645113945,0.8394608115777373,0.4308554604649544,0.4757705209776759,0.04067259468138218,0.15830339957028627,0.20767942909151316,0.08625703305006027,0.14588254224509,0.24886822700500488,0.5765579659491777,0.2898181639611721,0.7892259191721678,0.42399611324071884,0.3719959696754813,0.018093696795403957,0.3727818541228771,0.9873169539496303,0.788887856528163,0.34328928869217634,0.04283306933939457,0.06057639420032501,0.7785822255536914,0.8343983255326748,0.17382534500211477,0.715724372304976,0.9918280458077788,0.6092665139585733,0.4620279334485531,0.022571513429284096,0.7419726168736815,0.11083230841904879,0.7219107979908586,0.21023036912083626,0.04354356601834297,0.5644894046708941,0.7962676752358675,0.6888017309829593,0.4894943246617913,0.6318858144804835,0.9682684307917953,0.4406550573185086,0.7788164839148521,0.9722271943464875,0.15610734280198812,0.3264422081410885,0.12354820128530264,0.8119164807721972,0.9426366621628404,0.3346622511744499,0.24436649680137634,0.1634439853951335,0.8603446194902062,0.09267213195562363,0.25898563023656607,0.8074113950133324,0.8461222546175122,0.8143779803067446,0.732274616137147,0.9284871071577072,0.3497042618691921,0.9640314429998398,0.9373037982732058,0.7235409021377563,0.571550365537405,0.7065854007378221,0.7561319964006543,0.5024728588759899,0.6350869704037905,0.5953185334801674,0.22730359341949224,0.3506619352847338,0.2856079377233982,0.6821338692680001,0.5011903084814548,0.2785555934533477,0.163405554369092,0.6051104320213199,0.5342444181442261,0.14172490313649178,0.42915205005556345,0.1324922889471054,0.9958395827561617,0.6533115776255727,0.47165023162961006,0.5809167353436351,0.5253623174503446,0.4426474804058671,0.5113201197236776,0.00015866383910179138,0.9641498560085893,0.2532453155145049,0.8408539788797498,0.8586999345570803
53,sobol,aligned10,0,1.9953516060561065,2.093400920016789,1.9953516060561065,2.093400920016789,3.0463194852936946,nan,nan,3.6938581615686417e-06,0,0,ok,,nan,nan,nan,nan,nan,nan,nan,nan,nan,nan,nan,nan,-0.026373803490346404,0.9860666106046692,0,0.39591497741639614,0.4940338870510459,0.7654080307111144,0.09963547810912132,0.7403303971514106,0.3639049865305424,0.6023337235674262,0.4379356224089861,0.720569015480578,0.8517255764454603,0.9973824825137854,0.6906544789671898,0.9466334506869316,0.5908261639997363,0.8933491632342339,0.5552269844338298,0.1576941767707467,0.6027884008362889,0.09039639495313168,0.6104439776390791,0.5071863140910864,0.6902644615620375,0.906920644454658,0.16235434357076883,0.37502229306846857,0.9126732870936394,0.9027089020237327,0.6653056936338544,0.04100837651640177,0.34784303419291973,0.589368206448853,0.42083327285945415,0.25504629500210285,0.34917453676462173,0.5772817824035883,0.8235454838722944,0.39015506487339735,0.6915676342323422,0.083081915974617,0.9554322063922882,0.6916462490335107,0.2876775711774826,0.22524901013821363,0.06205472443252802,0.6017269287258387,0.004103671759366989,0.14740075170993805,0.6578727317973971,0.2637151647359133,0.18227522540837526,0.8739972710609436,0.6915739830583334,0.6460222108289599,0.3768633110448718,0.1441579470410943,0.9504229938611388,0.564010270871222,0.7884592320770025,0.044163172133266926,0.871382380835712,0.8486901661381125,0.22080293763428926,0.17579367756843567,0.12242414429783821,0.3969807540997863,0.032322353683412075,0.7640294674783945,0.4916051756590605,0.2666363036260009,0.31427035853266716,0.1670031724497676,0.13912001438438892,0.26440044306218624,0.09779551811516285,0.31042326241731644,0.18932229280471802,0.5839512059465051,0.7541274689137936,0.8766069645062089,0.234406016767025,0.3750862153246999,0.9157661320641637,0.7991222385317087,0.2379512209445238,0.4888265449553728,0.7762735448777676,0.9266334269195795,0.8138101194053888,0.1940583186224103,0.4950064839795232,0.9097967650741339,0.04551316052675247,0.07793962676078081,0.6753627741709352,0.18249024916440248,0.7770939711481333,0.0004710303619503975,0.5045775370672345,0.011169404722750187,0.007981760427355766
54,sobol,aligned10,0,-1.4839012473620516,-1.484936097375403,1.9953516060561065,2.093400920016789,3.0463194852936946,nan,nan,3.33995558321476e-06,0,0,ok,,nan,nan,nan,nan,nan,nan,nan,nan,nan,nan,nan,nan,0.01106555594569902,1.0142049580686336,0,0.06002414785325527,0.9406259935349226,0.47819910664111376,0.7799778394401073,0.7902916064485908,0.14556816779077053,0.12652841955423355,0.07581729162484407,0.7897559199482203,0.6712625380605459,0.577415662817657,0.7928296308964491,0.26544353924691677,0.4557381458580494,0.5017904080450535,0.2829164220020175,0.3656572671607137,0.16244727093726397,0.3382394416257739,0.08057099394500256,0.03908780310302973,0.8197556398808956,0.025893679820001125,0.6681447476148605,0.6927390182390809,0.6166063025593758,0.4367185942828655,0.95579032599926,0.7191378744319081,0.07451295386999846,0.44125465862452984,0.9342594100162387,0.5721065392717719,0.0492174681276083,0.9994350150227547,0.5536166140809655,0.8543821489438415,0.43742189928889275,0.7646009707823396,0.33226164523512125,0.3374342331662774,0.05718294344842434,0.658846465870738,0.9224754516035318,0.7983274115249515,0.7586546298116446,0.6383525626733899,0.048918076790869236,0.1358574479818344,0.2761517455801368,0.3163019986823201,0.045201245695352554,0.8756173299625516,0.5703125791624188,0.5960985878482461,0.6619008658453822,0.3993974234908819,0.657165078446269,0.31916622444987297,0.7062539262697101,0.06461156532168388,0.3207487463951111,0.4549225540831685,0.40295099280774593,0.21347867045551538,0.33765389025211334,0.6444486249238253,0.10456610843539238,0.5543680647388101,0.07950424030423164,0.761540973559022,0.35868094582110643,0.12431016098707914,0.44424273632466793,0.03830291237682104,0.2500115716829896,0.30075558740645647,0.035767183639109135,0.15649976022541523,0.2789816576987505,0.1409679837524891,0.7452402552589774,0.3177482979372144,0.7846972569823265,0.016185096465051174,0.6685281908139586,0.5837458595633507,0.4853837648406625,0.5540754226967692,0.01460637990385294,0.07471635192632675,0.2793761007487774,0.8544410802423954,0.09087359625846148,0.36862386483699083,0.4397575343027711,0.331450785510242,0.2054803315550089,0.7246789876371622,0.3429577648639679
55,sobol,aligned10,0,0.08431035497054286,0.1545092615279508,1.9953516060561065,2.093400920016789,3.0463194852936946,nan,nan,3.221910446882248e-06,0,0,ok,,nan,nan,nan,nan,nan,nan,nan,nan,nan,nan,nan,nan,-0.016115658659896448,1.0246003421815233,0,0.9864353584125638,0.22917028702795506,0.7324125589802861,0.3469068305566907,0.35451069567352533,0.751853653229773,0.9229457629844546,0.7092690914869308,0.10972288530319929,0.031515817157924175,0.4020454278215766,0.3232236383482814,0.5177145516499877,0.9609348541125655,0.2563380664214492,0.9764973446726799,0.8998469244688749,0.9764398448169231,0.5457819877192378,0.8922920748591423,0.8317336067557335,0.39769573975354433,0.6949103996157646,0.49358039535582066,0.09623168967664242,0.13911171536892653,0.5084876799955964,0.3183323638513684,0.4578823586925864,0.6231133127585053,0.7906658835709095,0.20180625841021538,0.18297323025763035,0.8047318048775196,0.10286250524222851,0.3542031543329358,0.01818947773426771,0.7604973129928112,0.4305284917354584,0.5792468609288335,0.9229740090668201,0.841870722360909,0.3549185385927558,0.3264278769493103,0.16837178170681,0.3866045707836747,0.4422519225627184,0.8286357438191772,0.6490154210478067,0.5663388995453715,0.6589625719934702,0.9102939646691084,0.35511934105306864,0.2407816844061017,0.3014946663752198,0.06080358847975731,0.7844676664099097,0.2820583386346698,0.5264461115002632,0.48594240099191666,0.5450020916759968,0.6412448259070516,0.5075441971421242,0.656431719660759,0.9079641960561275,0.701285338960588,0.24578555300831795,0.5696991551667452,0.1498176045715809,0.9886415228247643,0.4781188266351819,0.7995163705199957,0.6168923899531364,0.9065367802977562,0.8913088636472821,0.906515390612185,0.8894512383267283,0.5698631843551993,0.5054409643635154,0.8350990219041705,0.7670573117211461,0.07777201104909182,0.7033734293654561,0.4331541070714593,0.9443849520757794,0.28841212298721075,0.08440303336828947,0.5546381277963519,0.2600933648645878,0.8524616742506623,0.5135343912988901,0.846023834310472,0.3093468211591244,0.79282705206424,0.945502070710063,0.7127413591369987,0.633143282495439,0.9585730358958244,0.42232160083949566,0.5550042055547237
56,sobol,aligned10,0,1.3133726497158777,1.1855125458518168,1.9953516060561065,2.093400920016789,3.0463194852936946,nan,nan,3.2479874789714813e-06,0,0,ok,,nan,nan,nan,nan,nan,nan,nan,nan,nan,nan,nan,nan,-0.014322336987924305,1.0154980098980306,0,0.9050568956881762,0.5650940788909793,0.43249546363949776,0.030105299316346645,0.9589944807812572,0.9390118280425668,0.2624953044578433,0.7595493597909808,0.4999232143163681,0.5809743385761976,0.4679824421182275,0.42245529033243656,0.9125222386792302,0.37597174011170864,0.7631672145798802,0.12752120569348335,0.008004195056855679,0.4512950452044606,0.8352083722129464,0.20935125928372145,0.2518136305734515,0.6862682299688458,0.06646145787090063,0.8979659657925367,0.487186374142766,0.7148453276604414,0.7096783630549908,0.6896266080439091,0.06399478763341904,0.036311143077909946,0.21910915058106184,0.03138567507266998,0.011977513320744038,0.5068923616781831,0.3537699906155467,0.6236126190051436,0.461063988506794,0.23079296294599771,0.5906805014237761,0.41927553713321686,0.44583255145698786,0.39785540848970413,0.47919335402548313,0.2885063523426652,0.8150561871007085,0.9362626085057855,0.3112411806359887,0.14498016610741615,0.7005687421187758,0.7341666566208005,0.9685495216399431,0.6319720689207315,0.031121697276830673,0.48804017063230276,0.6900658095255494,0.2903368631377816,0.5163163673132658,0.5211975127458572,0.3939359877258539,0.9639054574072361,0.8830607868731022,0.5039957379922271,0.19957842584699392,0.031101631000638008,0.004960443824529648,0.40559362154453993,0.26988125313073397,0.3794906307011843,0.20796955283731222,0.27476486936211586,0.3943228190764785,0.9320247638970613,0.8859995193779469,0.2966515999287367,0.697234851308167,0.12059210240840912,0.49854139145463705,0.517396368086338,0.6292491713538766,0.9212956661358476,0.6080326763913035,0.5308042885735631,0.8349785730242729,0.8561978572979569,0.8878441099077463,0.20404312573373318,0.8511735806241632,0.683882943354547,0.753441097214818,0.7906912378966808,0.30019228160381317,0.9407482165843248,0.42209905572235584,0.5632818695157766,0.26847367733716965,0.1904033599421382,0.7043342124670744,0.3369570868089795,0.3034997284412384,0.7540293568745255
57,sobol,aligned10,0,-1.3583471123984538,-1.2477786178247046,1.9953516060561065,2.093400920016789,3.0463194852936946,nan,nan,3.264984115958214e-06,0,0,ok,,nan,nan,nan,nan,nan,nan,nan,nan,nan,nan,nan,nan,0.00897055751565117,1.0215320088624749,0,0.07976472470909357,0.35467883851379156,0.6862206347286701,0.5970264356583357,0.3947918387129903,0.08339857868850231,0.5588513985276222,0.3927569668740034,0.6631056601181626,0.2167366025969386,0.5114786149933934,0.9548062449321151,0.18322598561644554,0.8805426256731153,0.010572684928774834,0.5671952879056334,0.7257609851658344,0.6402855329215527,0.03513652924448252,0.7708286838606,0.6195534039288759,0.10833194479346275,0.6495177745819092,0.19021372869610786,0.8332179160788655,0.036211018450558186,0.34493342880159616,0.08343175146728754,0.864492068067193,0.5228988332673907,0.5098961228504777,0.8302445774897933,0.7488128393888474,0.26307403575628996,0.7465725438669324,0.283963012509048,0.6566249839961529,0.5869167679920793,0.22944882325828075,0.6643557883799076,0.7813723273575306,0.7382587371394038,0.5346329165622592,0.9625866143032908,0.21830386482179165,0.31007939390838146,0.6169737782329321,0.9911188129335642,0.2176844598725438,0.4285917216911912,0.06143492925912142,0.2629949152469635,0.739120215177536,0.8254993176087737,0.39500503335148096,0.9245760124176741,0.16701463516801596,0.39602962601929903,0.7018004488199949,0.24379277881234884,0.4731353782117367,0.465604105964303,0.7755768913775682,0.7845824845135212,0.8733487585559487,0.5083603896200657,0.8712106077000499,0.9148765616118908,0.6193254310637712,0.6840058639645576,0.8608999624848366,0.4761765981093049,0.3786430275067687,0.8216927498579025,0.37352102156728506,0.7140918597579002,0.8161188596859574,0.11228292249143124,0.03275604173541069,0.47449226677417755,0.4839422646909952,0.16702314373105764,0.18955348432064056,0.48896902799606323,0.08859651535749435,0.8390790354460478,0.34786525554955006,0.3698146464303136,0.06108269561082125,0.07784166559576988,0.8615574706345797,0.4365972066298127,0.9746601525694132,0.3028406407684088,0.9098052186891437,0.9623338477686048,0.2598175872117281,0.5927353417500854,0.5944197066128254,0.09693554509431124
58,sobol,aligned10,0,-1.7139338783953844,-1.6400138678840155,1.9953516060561065,2.093400920016789,3.0463194852936946,nan,nan,3.285938873887062e-06,0,0,ok,,nan,nan,nan,nan,nan,nan,nan,nan,nan,nan,nan,nan,-0.01460388506907478,1.028209018994371,0,0.49384158942848444,0.8299850951880217,0.08677111379802227,0.2772777210921049,0.07336175162345171,0.42655276879668236,0.20810335781425238,0.031249516643583775,0.8578346539288759,0.2759017748758197,0.9314835742115974,0.5560066709294915,0.6221532542258501,0.009767452254891396,0.4001954663544893,0.34176416601985693,0.7970950230956078,0.06322785839438438,0.28632156923413277,0.30351673532277346,0.08319589961320162,0.479813514277339,0.28438999131321907,0.6959589691832662,0.016050984151661396,0.48913942743092775,0.814798990264535,0.2954729236662388,0.43423028104007244,0.8115811925381422,0.39304020442068577,0.3129089940339327,0.4240278573706746,0.08842213917523623,0.824419311247766,0.09320051595568657,0.06740433722734451,0.28394122421741486,0.9229288464412093,0.04509100038558245,0.18514500930905342,0.9842557953670621,0.10105048678815365,0.08461927622556686,0.38170116301625967,0.5482576079666615,0.10606210213154554,0.34897301346063614,0.33983521070331335,0.021977919153869152,0.5038652941584587,0.9757549483329058,0.9706912469118834,0.12954617384821177,0.8491429695859551,0.713100278750062,0.8617769703269005,0.017604601569473743,0.9114316767081618,0.3348207985982299,0.6907772114500403,0.11590249743312597,0.6248956015333533,0.6901034321635962,0.5491604125127196,0.859708028845489,0.7203723294660449,0.5513968300074339,0.34041276946663857,0.9187834411859512,0.20445355866104364,0.006491219624876976,0.23663013614714146,0.7301435507833958,0.09824828803539276,0.7762617031112313,0.036844764836132526,0.8304579509422183,0.7504232591018081,0.008072653785347939,0.24976347666233778,0.4937392370775342,0.6767906239256263,0.5357460621744394,0.43617693800479174,0.731698458082974,0.13003860414028168,0.9481799807399511,0.702532815746963,0.4332417622208595,0.1534411571919918,0.14024571795016527,0.19061544816941023,0.9614424724131823,0.5937721012160182,0.2506075259298086,0.08697963878512383,0.13299783319234848,0.138497575186193,0.3011441035196185
59,sobol,aligned10,0,1.7114391679551375,1.8383848109240664,1.9953516060561065,2.093400920016789,3.0463194852936946,nan,nan,3.3711548894643784e-06,0,0,ok,,nan,nan,nan,nan,nan,nan,nan,nan,nan,nan,nan,nan,-0.04340608834579189,1.0427894274437197,0,0.5535715837031603,0.11767370440065861,0.840370399877429,0.8500050520524383,0.5091314045712352,0.5313720880076289,0.9741861931979656,0.6289918534457684,0.05323317181318998,0.8961148615926504,0.10657146945595741,0.08640081807971,0.34462766628712416,0.5149619812145829,0.6546819666400552,0.9020283333957195,0.4679186148568988,0.7511960091069341,0.5796335153281689,0.7402082560583949,0.7954333685338497,0.8076465642079711,0.9981781495735049,0.40421473141759634,0.6794138643890619,0.7636265587061644,0.24008746352046728,0.9314658055081964,0.6329209469258785,0.26301322504878044,0.8672073185443878,0.5492058442905545,0.8132296428084373,0.8290056055411696,0.21293541882187128,0.7531606182456017,0.8098402135074139,0.8980301171541214,0.25706378929317,0.7921987557783723,0.5832476923242211,0.13622167520225048,0.920649073086679,0.664520563557744,0.5271365903317928,0.17415098380297422,0.7870271243155003,0.5076116528362036,0.8207570658996701,0.8277921220287681,0.4715232541784644,0.10669486969709396,0.2607166934758425,0.5567960226908326,0.05014448706060648,0.06419720221310854,0.44704233203083277,0.8928030654788017,0.2427116958424449,0.6137298829853535,0.17129359301179647,0.9204063881188631,0.4155663941055536,0.49814970791339874,0.32133629359304905,0.22611621394753456,0.1346899690106511,0.02434171736240387,0.9866356858983636,0.009652849286794662,0.5499071013182402,0.5892173023894429,0.7448373073711991,0.13772005774080753,0.9561179671436548,0.4322615200653672,0.6489855302497745,0.2981319474056363,0.4118570927530527,0.5652365414425731,0.8739602360874414,0.8252790411934257,0.2813350176438689,0.18415046017616987,0.6027646204456687,0.35011855978518724,0.6313631711527705,0.011798124760389328,0.48675020411610603,0.7165411338210106,0.7151114027947187,0.7381449397653341,0.6455354942008853,0.17023964412510395,0.2043950855731964,0.5263988971710205,0.8770764321088791,0.8904335740953684,0.9645591331645846,0.5812846636399627
60,sobol,aligned10,0,-0.19807919996879472,-0.21479560057076663,1.9953516060561065,2.093400920016789,3.0463194852936946,nan,nan,3.354158252477646e-06,0,0,ok,,nan,nan,nan,nan,nan,nan,nan,nan,nan,nan,nan,nan,-0.014158667407443067,1.0581850404110555,0,0.7156320232897997,0.8936395570635796,0.5045500053092837,0.8952732533216476,0.6644629500806332,0.8376312237232924,0.039215744473040104,0.17172629944980145,0.9260649913921952,0.11126937344670296,0.8247143272310495,0.19833162520080805,0.6916960282251239,0.8378004180267453,0.6063494766131043,0.8463777136057615,0.28597697988152504,0.8827381962910295,0.4857622105628252,0.03420416545122862,0.4195568161085248,0.5772377019748092,0.44780001882463694,0.33347983472049236,0.6047427458688617,0.26325375214219093,0.9949863227084279,0.137470874004066,0.16438244748860598,0.19586765859276056,0.2712081018835306,0.18083073198795319,0.880227985791862,0.17797253746539354,0.5590056190267205,0.38088467810302973,0.5567737966775894,0.8530366579070687,0.8306381292641163,0.9044939698651433,0.6613828632980585,0.5425922460854053,0.2766477083787322,0.5861742375418544,0.27049791533499956,0.8595004146918654,0.7051789835095406,0.11644160095602274,0.6117125703021884,0.9144384311512113,0.7751772562041879,0.21642754133790731,0.1875462792813778,0.045186448842287064,0.35860546585172415,0.13234685081988573,0.37312708981335163,0.8670870698988438,0.8086128821596503,0.4196755038574338,0.8080034265294671,0.8548100413754582,0.7369534652680159,0.12937971763312817,0.48678951896727085,0.6637816485017538,0.5010519241914153,0.8190908813849092,0.4768475331366062,0.44777607452124357,0.9536871649324894,0.8709910102188587,0.037348129786551,0.5740550626069307,0.7656730124726892,0.13287866488099098,0.5296535734087229,0.48556217085570097,0.9385670581832528,0.13347449991852045,0.7004727767780423,0.9533980218693614,0.11645390931516886,0.6549530271440744,0.15088170859962702,0.08991909492760897,0.44788371305912733,0.6108379699289799,0.3623066274449229,0.5735366474837065,0.5937379198148847,0.3126838458701968,0.7822854463011026,0.43366745952516794,0.4729247847571969,0.06937306001782417,0.41381026338785887,0.6363198896870017,0.08789144922047853,0.4606936555355787
61,sobol,aligned10,0,0.23850742763266164,0.15956968864529944,1.9953516060561065,2.093400920016789,3.0463194852936946,nan,nan,3.254041075706482e-06,0,0,ok,,nan,nan,nan,nan,nan,nan,nan,nan,nan,nan,nan,nan,-0.017173758105170144,1.0497353843785215,0,0.2691812524572015,0.18218552693724632,0.25094714295119047,0.4778272295370698,0.228691341355443,0.2005071798339486,0.7740486729890108,0.5509669138118625,0.23109658062458038,0.7489405507221818,0.1488883402198553,0.6662286333739758,0.4626173321157694,0.340553542599082,0.3547926638275385,0.4110523881390691,0.9490071153268218,0.1937706246972084,0.6306827012449503,0.9689420880749822,0.7090724520385265,0.15553639642894268,0.7730459924787283,0.5002164281904697,0.19979192689061165,0.9887945344671607,0.07555543631315231,0.5268838759511709,0.90323422010988,0.7449264107272029,0.9997997283935547,0.9483776455745101,0.36700967513024807,0.9339137664064765,0.4163392400369048,0.7132182018831372,0.31482525542378426,0.4656609455123544,0.47337802965193987,0.15152683202177286,0.07608714606612921,0.32714934553951025,0.7056233789771795,0.16296560410410166,0.6346759404987097,0.48741989582777023,0.40177744533866644,0.7711715763434768,0.09563277754932642,0.23563888017088175,0.24308656714856625,0.8358842702582479,0.5420286953449249,0.6413961537182331,0.5565602025017142,0.5274045784026384,0.9430154813453555,0.24204127583652735,0.09546735417097807,0.6397159453481436,0.3353035384789109,0.17530615627765656,0.28593994211405516,0.9304678663611412,0.6339246248826385,0.29728005919605494,0.10286955628544092,0.3544448232278228,0.8189056226983666,0.6090781902894378,0.29964352678507566,0.287214114330709,0.5456814263015985,0.04440945014357567,0.16360169183462858,0.5393972806632519,0.15957847610116005,0.892689292319119,0.3484060876071453,0.6895938888192177,0.32460853084921837,0.34840642753988504,0.970830456353724,0.006498041562736034,0.8253124682232738,0.9607730926945806,0.9463453441858292,0.4292182605713606,0.5762134231626987,0.2942600231617689,0.02992751356214285,0.8090244382619858,0.3664268869906664,0.6980152064934373,0.8330664057284594,0.8404489923268557,0.6216297661885619,0.3871238948777318,0.762112052179873,0.6724978107959032
62,sobol,aligned10,0,1.318662652738463,1.3078563995034957,1.9953516060561065,2.093400920016789,3.0463194852936946,nan,nan,3.3050309866666794e-06,0,0,ok,,nan,nan,nan,nan,nan,nan,nan,nan,nan,nan,nan,nan,-0.01304986801262447,1.0417333994112055,0,0.18331915233284235,0.6253419937565923,0.9751675138249993,0.6425776416435838,0.3022042531520128,0.29393603187054396,0.4863079534843564,0.9315246008336544,0.2869169069454074,0.8062726268544793,0.29138933401554823,0.8152722809463739,0.7804658748209476,0.7061409438028932,0.24249844811856747,0.6853764252737164,0.5281860185787082,0.509223960340023,0.8780288761481643,0.44108320493251085,0.2434479845687747,0.2763605825603008,0.1696369517594576,0.010096204467117786,0.8845786117017269,0.5365714272484183,0.6076163006946445,0.8442083029076457,0.33344593923538923,0.9557498153299093,0.10113746207207441,0.4622920621186495,0.5577924652025104,0.7302091279998422,0.025504191406071186,0.9140514228492975,0.9131103307008743,0.6631772741675377,0.6868813969194889,0.528600424528122,0.9534893026575446,0.08115729037672281,0.14697992336004972,0.7909787464886904,0.9538568621501327,0.7499435115605593,0.8752135280519724,0.38092409539967775,0.47360565047711134,0.3292639134451747,0.6933217151090503,0.43512272741645575,0.8107247184962034,0.33704505302011967,0.19538649823516607,0.8642465230077505,0.028158459812402725,0.35970904771238565,0.2599208224564791,0.7816701140254736,0.6098606530576944,0.27531056571751833,0.06357201002538204,0.5869731847196817,0.9426105180755258,0.0709944125264883,0.48914065305143595,0.24075194168835878,0.09391180332750082,0.8740679165348411,0.6426020283252001,0.1944732666015625,0.842967159114778,0.3903607204556465,0.43493765220046043,0.9780635582283139,0.9427738413214684,0.17433545738458633,0.5675073927268386,0.7963928151875734,0.09000154305249453,0.0530795706436038,0.3957051020115614,0.9595098132267594,0.665048947557807,0.5953414794057608,0.5391268152743578,0.7576751159504056,0.1873867679387331,0.21217531897127628,0.9858661228790879,0.5126920230686665,0.5800986541435122,0.03550632018595934,0.6471306923776865,0.38030958268791437,0.7964484179392457,0.838549168780446,0.46982901729643345,0.9763156287372112
63,sobol,aligned10,0,-2.138012351929494,-2.19725008440463,1.9953516060561065,2.093400920016789,3.0463194852936946,nan,nan,3.2498501241207123e-06,0,0,ok,,nan,nan,nan,nan,nan,nan,nan,nan,nan,nan,nan,nan,0.008088425967551523,1.046750327146269,0,0.8640856761485338,0.4157764697447419,0.2214463958516717,0.23092207312583923,0.8664088509976864,0.6797778569161892,0.6889140214771032,0.2832345152273774,0.6222057212144136,0.4282429926097393,0.7486198237165809,0.2851184671744704,0.002692689187824726,0.20924698747694492,0.9999757902696729,0.1206414308398962,0.23805011063814163,0.32124821189790964,0.24182143714278936,0.5006079776212573,0.8779190499335527,0.9479286121204495,0.6099854679778218,0.8428560560569167,0.2950175730511546,0.21523313596844673,0.46258976869285107,0.49143404327332973,0.5954910973086953,0.4696517176926136,0.6385976010933518,0.6674009012058377,0.19692583195865154,0.4705447582527995,0.886851909570396,0.24578246288001537,0.21803667023777962,0.017836473882198334,0.009224635548889637,0.2737545557320118,0.30563060380518436,0.8042281288653612,0.8430423978716135,0.4601142182946205,0.07584668323397636,0.12188677210360765,0.1965561332181096,0.7231540782377124,0.9916445249691606,0.5078251799568534,0.28597114607691765,0.5546795474365354,0.45817251689732075,0.976246515288949,0.9050895338878036,0.4838527226820588,0.6634723665192723,0.7347854189574718,0.5858749952167273,0.002689261920750141,0.027602197602391243,0.6887021735310555,0.8979171542450786,0.3493650518357754,0.18591612204909325,0.9681951561942697,0.9029700150713325,0.7136687440797687,0.702086927369237,0.2131207911297679,0.10962240118533373,0.6512237442657351,0.33573630824685097,0.977623051032424,0.5106656309217215,0.32208211440593004,0.3675061818212271,0.7047688867896795,0.21967890299856663,0.3486669911071658,0.9658500663936138,0.6277819881215692,0.5001732017844915,0.32667088508605957,0.37364431098103523,0.47890503518283367,0.042709738947451115,0.188600598834455,0.8778389589861035,0.9368713442236185,0.42272722255438566,0.11010727193206549,0.004099163226783276,0.8306156666949391,0.038941689766943455,0.6552465325221419,0.2388965981081128,0.09113273024559021,0.6791914533823729,0.1258396953344345
64,sobol,aligned10,0,0.6478935681951102,0.7003817716783276,1.9953516060561065,2.093400920016789,3.0463194852936946,nan,nan,3.3339019864797592e-06,0,0,ok,,nan,nan,nan,nan,nan,nan,nan,nan,nan,nan,nan,nan,-0.025444398687089802,1.0721037825288127,0,0.8691930873319507,0.612720756791532,0.9481573300436139,0.6025174632668495,0.614768398925662,0.7700590435415506,0.5875330669805408,0.3718232521787286,0.8285444052889943,0.7771450057625771,0.3392364038154483,0.8073770562186837,0.6098686587065458,0.32902116142213345,0.16930459439754486,0.43646252155303955,0.8700590068474412,0.4346078345552087,0.8580849636346102,0.008130599744617939,0.20099686365574598,0.7238032380118966,0.9554255343973637,0.29583862610161304,0.4251295020803809,0.39169427659362555,0.5844841254875064,0.4962825607508421,0.7652092212811112,0.17016948573291302,0.8218707889318466,0.554761697538197,0.5191884059458971,0.4321735445410013,0.2546170325949788,0.29519240371882915,0.3205441730096936,0.2934222863987088,0.3520115977153182,0.6040809862315655,0.9794584009796381,0.12786892522126436,0.15568446088582277,0.444841917604208,0.14313670806586742,0.5687506180256605,0.9796916041523218,0.1753470990806818,0.10730472300201654,0.7612947449088097,0.19901845790445805,0.05542691145092249,0.03653288073837757,0.7032717261463404,0.25912059750407934,0.26378042437136173,0.5968398954719305,0.981059898622334,0.10861479490995407,0.4922008151188493,0.7053020214661956,0.1882250914350152,0.5758525226265192,0.18634893279522657,0.608777055516839,0.6058859508484602,0.278272844851017,0.24895919766277075,0.7120387889444828,0.1580877946689725,0.5656276727095246,0.423178356140852,0.027723288163542747,0.1662488356232643,0.6163017256185412,0.691703550517559,0.8243589689955115,0.7960556913167238,0.8884538738057017,0.12384431902319193,0.8996895849704742,0.2691910397261381,0.16556192934513092,0.15958700235933065,0.9829519456252456,0.9022798994556069,0.5585855720564723,0.10005345474928617,0.5944409733638167,0.1462775655090809,0.3427940886467695,0.6979041984304786,0.22519897669553757,0.7442654427140951,0.11529606208205223,0.833458854816854,0.8678641272708774,0.17711338587105274,0.6685111289843917,0.39298762660473585
65,sobol,aligned10,0,-0.5020135592810429,-0.5540424453097985,1.9953516060561065,2.093400920016789,3.0463194852936946,nan,nan,3.2261013984680176e-06,0,0,ok,,nan,nan,nan,nan,nan,nan,nan,nan,nan,nan,nan,nan,-0.015085353042748263,1.0670478771734058,0,0.17715127021074295,0.3388289464637637,0.20187868643552065,0.020947919227182865,0.054455533623695374,0.12536772061139345,0.35270070284605026,0.9759161956608295,0.008312303572893143,0.39532939065247774,0.6402246868237853,0.3397280238568783,0.35688313748687506,0.8337122099474072,0.9169542072340846,0.867836776189506,0.39641995169222355,0.7466377764940262,0.02548162080347538,0.9486363409087062,0.928120682016015,0.052242837846279144,0.2649473352357745,0.6208012476563454,0.7700301706790924,0.8516107238829136,0.4697297792881727,0.8549314541742206,0.05777622293680906,0.6524529121816158,0.4100510571151972,0.32236957736313343,0.21989915426820517,0.6727533116936684,0.6430873675271869,0.6114104930311441,0.5473627904430032,0.8995463298633695,0.9671411942690611,0.3589411899447441,0.2523169806227088,0.9750266652554274,0.8346437402069569,0.8060106094926596,0.7651651995256543,0.1927198776975274,0.15846916753798723,0.9542094357311726,0.6234436435624957,0.0807839073240757,0.7919035078957677,0.9244878394529223,0.7015889268368483,0.10806671716272831,0.593300930224359,0.8960815714672208,0.21152165438979864,0.10610556602478027,0.799802865833044,0.7135530356317759,0.1855707010254264,0.7738578878343105,0.40211042668670416,0.8773300247266889,0.26974574383348227,0.4957926655188203,0.8639790546149015,0.7057018140330911,0.11708533857017756,0.7547234678640962,0.15767467580735683,0.981124154292047,0.5201223539188504,0.6997742410749197,0.43809665832668543,0.09769995510578156,0.48541942331939936,0.3242308013141155,0.2891462426632643,0.551118478178978,0.02382915560156107,0.9132304973900318,0.8091726526618004,0.5579897742718458,0.05574414599686861,0.01577910128980875,0.05499692261219025,0.9067958304658532,0.34154993295669556,0.988123033195734,0.7796513698995113,0.17861824110150337,0.6725367903709412,0.3876632060855627,0.6946757277473807,0.07703087572008371,0.15966886933892965,0.9244401752948761,0.49502949696034193,0.7392885526642203
66,sobol,aligned10,0,-0.0756664848689133,-0.004769256870586991,1.9953516060561065,2.093400920016789,3.0463194852936946,nan,nan,3.2600946724414825e-06,0,0,ok,,nan,nan,nan,nan,nan,nan,nan,nan,nan,nan,nan,nan,-0.022463053137267878,1.0606025507220436,0,0.2787909582257271,0.8438817355781794,0.539868607185781,0.8572045871987939,0.47714294493198395,0.3455055570229888,0.8754305681213737,0.6040331898257136,0.4393696179613471,0.08168399054557085,0.8100617993623018,0.17480760253965855,0.9179417500272393,0.2129675541073084,0.55655403342098,0.09528946410864592,0.06541184149682522,0.05038192868232727,0.2781847333535552,0.4775327621027827,0.3996286364272237,0.4226286355406046,0.6771327843889594,0.11119565460830927,0.07993487268686295,0.6816132552921772,0.9398661823943257,0.5161607395857573,0.7370072146877646,0.9261530125513673,0.5583475911989808,0.8362878179177642,0.9197451863437891,0.9756400045007467,0.783982970751822,0.7653706120327115,0.20810018945485353,0.22157056257128716,0.13059475179761648,0.9784505376592278,0.6561654796823859,0.744597353041172,0.26820304337888956,0.17802801448851824,0.5847809351980686,0.9469885630533099,0.6807625219225883,0.3150737341493368,0.9955956423655152,0.4871553611010313,0.27339671552181244,0.336724110879004,0.9641508907079697,0.9133357293903828,0.17036355193704367,0.747453928925097,0.7518669664859772,0.47964779287576675,0.5869945781305432,0.8650597129017115,0.8995389752089977,0.6738520497456193,0.24813318438827991,0.5972943818196654,0.08605960104614496,0.1283340435475111,0.7275429721921682,0.8269930956885219,0.8293471401557326,0.5199571112170815,0.7516135713085532,0.5132626816630363,0.8490567281842232,0.8577367831021547,0.21336009167134762,0.41194834653288126,0.6475820811465383,0.6060598203912377,0.5097114341333508,0.9628795478492975,0.2579721659421921,0.7399721052497625,0.3237498914822936,0.4797953702509403,0.46585415303707123,0.4124667812138796,0.4622154254466295,0.2664188090711832,0.9183042254298925,0.5075703412294388,0.23583744652569294,0.38125787675380707,0.3960590595379472,0.8461005408316851,0.7548795258626342,0.6475235167890787,0.48497229162603617,0.34804876055568457,0.7730284109711647,0.9082794496789575
67,sobol,aligned10,0,-0.031801605819338205,-0.06374544783734426,1.9953516060561065,2.093400920016789,3.0463194852936946,nan,nan,3.263121470808983e-06,0,0,ok,,nan,nan,nan,nan,nan,nan,nan,nan,nan,nan,nan,nan,-0.02325713420788945,1.05267761798886,0,0.7051449520513415,0.0720000397413969,0.29347170796245337,0.26592259854078293,0.916865361854434,0.7394029423594475,0.17282399162650108,0.23577121458947659,0.6494328882545233,0.7155691832304001,0.22799327783286572,0.705201736651361,0.17777730524539948,0.7180419201031327,0.3107963912189007,0.6638553664088249,0.6698186593130231,0.8613895336166024,0.6019534608349204,0.5427643256261945,0.7212501205503941,0.8443223116919398,0.10201649367809296,0.7857600254938006,0.7402863120660186,0.06340114679187536,0.11517169326543808,0.13262237142771482,0.44339260179549456,0.38109209667891264,0.20484702568501234,0.04133567214012146,0.343119396828115,0.23182537034153938,0.17670923378318548,0.08196325693279505,0.9192936876788735,0.5856596939265728,0.5503744166344404,0.23140149284154177,0.11646107770502567,0.4051925418898463,0.7142513915896416,0.5708713894709945,0.4489967068657279,0.32279034331440926,0.4847725173458457,0.5314360782504082,0.4774938253685832,0.6679116357117891,0.7410543179139495,0.7057001767680049,0.297179888933897,0.2751999981701374,0.992856620810926,0.10051937215030193,0.4319828236475587,0.6045715482905507,0.2547079483047128,0.08543751481920481,0.4893653579056263,0.35433343425393105,0.7895211791619658,0.3428408959880471,0.784650694578886,0.7702243411913514,0.12623745203018188,0.34629465360194445,0.49953428097069263,0.4231886537745595,0.472535640001297,0.07853266876190901,0.357020060531795,0.25878217443823814,0.8573635332286358,0.7554448107257485,0.04117885511368513,0.015323220752179623,0.16810182482004166,0.3939989237114787,0.6338168764486909,0.06369034573435783,0.7173911323770881,0.8625644417479634,0.5103410053998232,0.5445350352674723,0.9637595126405358,0.709149956703186,0.14195858035236597,0.34558025002479553,0.6720232218503952,0.9942956222221255,0.941068441607058,0.020259903743863106,0.4274524785578251,0.38723548874258995,0.5426557110622525,0.5972733618691564,0.0644071064889431,0.19283804018050432
68,sobol,aligned10,0,-0.7815830930407054,-0.8568817305406672,1.9953516060561065,2.093400920016789,3.0463194852936946,nan,nan,3.393040969967842e-06,0,0,ok,,nan,nan,nan,nan,nan,nan,nan,nan,nan,nan,nan,nan,-0.023382788202175462,1.0449091794979195,0,0.5547040803357959,0.9090086780488491,0.11389576829969883,0.47160044219344854,0.7616559127345681,0.8874433832243085,0.8723219791427255,0.7135065533220768,0.2771465666592121,0.3054869193583727,0.9461361467838287,0.5637755636125803,0.7682138159871101,0.8847505198791623,0.449964452534914,0.5926063898950815,0.5840677265077829,0.989033137448132,0.4458261737599969,0.24727304000407457,0.09537215251475573,0.5200455514714122,0.5906733889132738,0.9805280733853579,0.54194818995893,0.5630273865535855,0.8700384590774775,0.9246566081419587,0.974880326539278,0.06640576384961605,0.68402782920748,0.6573308007791638,0.40112127736210823,0.7614558916538954,0.5806389739736915,0.7097931876778603,0.6662577809765935,0.6656509758904576,0.09983894601464272,0.08783362898975611,0.13207620475441217,0.8105858499184251,0.1079850122332573,0.6804985012859106,0.6923260223120451,0.6337807103991508,0.007416549138724804,0.07888760324567556,0.20594945270568132,0.5744446441531181,0.013458692468702793,0.5961812250316143,0.24485248513519764,0.7633204543963075,0.6608894029632211,0.15707223676145077,0.26322085596621037,0.6394484946504235,0.6878595473244786,0.8893666192889214,0.5948444474488497,0.42185288202017546,0.1126171974465251,0.03658783342689276,0.8984982185065746,0.33255318831652403,0.5095045510679483,0.5593637712299824,0.9742429619655013,0.11157223023474216,0.0004039499908685684,0.3601838443428278,0.9229683531448245,0.9513448812067509,0.9208248322829604,0.5538359992206097,0.16891816444694996,0.202935547567904,0.6958332983776927,0.8369927415624261,0.8072532471269369,0.2152496874332428,0.884469018317759,0.3295665718615055,0.24333682283759117,0.7725073862820864,0.14723897073417902,0.16723687201738358,0.01582217775285244,0.4913866426795721,0.5504003716632724,0.07203990779817104,0.6168798804283142,0.256832548417151,0.1257192688062787,0.953638531267643,0.013855991885066032,0.8513221964240074,0.9377698171883821,0.8140070326626301
69,sobol,aligned10,0,2.087478275326723,2.0114867674446533,2.087478275326723,2.093400920016789,3.0463194852936946,nan,nan,3.2188836485147476e-06,0,0,ok,,nan,nan,nan,nan,nan,nan,nan,nan,nan,nan,nan,nan,-0.03437119841722662,1.041259893475037,0,0.4916333630681038,0.13603120297193527,0.8602967206388712,0.905647998675704,0.32193539943546057,0.023772412911057472,0.07596543617546558,0.06375445518642664,0.565562185831368,0.9294864675030112,0.027466487139463425,0.03167255874723196,0.014972829259932041,0.3873834814876318,0.6986517822369933,0.14897932950407267,0.18070403579622507,0.17701079323887825,0.6838250393047929,0.8105509979650378,0.775506604462862,0.19222013093531132,0.12675554770976305,0.18095608800649643,0.1378311002627015,0.18126931600272655,0.20059411134570837,0.28672586008906364,0.20604596100747585,0.6109758950769901,0.08403720241039991,0.45612859912216663,0.8517631152644753,0.001795213669538498,0.4420629823580384,0.3852824531495571,0.4555516028776765,0.028275025077164173,0.7032006802037358,0.8407420562580228,0.6089734025299549,0.0884676892310381,0.9134100908413529,0.06840090081095695,0.33778390754014254,0.011486477218568325,0.827063787728548,0.7991547370329499,0.6888928627595305,0.2705799676477909,0.9813676457852125,0.47662522457540035,0.5173308830708265,0.4249748671427369,0.4864372992888093,0.5579742128029466,0.9279522029682994,0.2646162696182728,0.4039056682959199,0.1680632783100009,0.012826571241021156,0.6163714583963156,0.9113748278468847,0.7751762205734849,0.222002268768847,0.6907524727284908,0.09569903835654259,0.01613445021212101,0.32358730025589466,0.959991505369544,0.7208842383697629,0.794107154943049,0.43154560774564743,0.41455803252756596,0.02480724174529314,0.14785126224160194,0.5173870585858822,0.6688395729288459,0.10679507069289684,0.26915664225816727,0.1831590225920081,0.6024527493864298,0.028003447689116,0.9467260213568807,0.7956057172268629,0.15311830677092075,0.645908685401082,0.8571600187569857,0.7941659400239587,0.6417894419282675,0.1120820576325059,0.5522613944485784,0.03280901163816452,0.6095283264294267,0.5487888511270285,0.1983091365545988,0.958012105897069,0.09397991932928562,0.14661250077188015,0.037995703518390656
70,sobol,aligned10,0,-0.5255553229660143,-0.5657897708518504,2.087478275326723,2.093400920016789,3.0463194852936946,nan,nan,3.3499673008918762e-06,0,0,ok,,nan,nan,nan,nan,nan,nan,nan,nan,nan,nan,nan,nan,-0.004059063078027338,1.0640170301955125,0,0.09321201592683792,0.6734493160620332,0.39707764983177185,0.22640379332005978,0.14740930404514074,0.4941238686442375,0.6607184903696179,0.44980584643781185,0.8850541915744543,0.6101017212495208,0.42013532761484385,0.4458606103435159,0.6971402233466506,0.502940365113318,0.8363803727552295,0.8766773054376245,0.3575370954349637,0.6194901205599308,0.9325830675661564,0.27890060376375914,0.302013817243278,0.3139035776257515,0.8084722394123673,0.6749366680160165,0.9457821855321527,0.35197017900645733,0.7324375323951244,0.09217882994562387,0.5267563182860613,0.8377619246020913,0.9515029937028885,0.9387968396767974,0.03591930493712425,0.33422291465103626,0.1141556603834033,0.24139303248375654,0.803817612119019,0.8507915772497654,0.38666995242238045,0.4634239040315151,0.4864504225552082,0.31889962032437325,0.4720304198563099,0.9463987862691283,0.0006852336227893829,0.7570042433217168,0.33370108995586634,0.40812459122389555,0.8168651955202222,0.177197290584445,0.455040636472404,0.7523907013237476,0.7544866055250168,0.6198918437585235,0.7538035148754716,0.8317239256575704,0.10867812857031822,0.13425320014357567,0.24067658185958862,0.253323863260448,0.7910343492403626,0.966073545627296,0.688396523706615,0.742203320376575,0.4211908644065261,0.9331529242917895,0.4963723309338093,0.3876407817006111,0.6074185408651829,0.6950134467333555,0.31541822478175163,0.699299244210124,0.19538407493382692,0.010021058842539787,0.2534195426851511,0.3346898378804326,0.3669581711292267,0.3871979285031557,0.8249496119096875,0.24826316721737385,0.41773023270070553,0.8070965632796288,0.6052178349345922,0.02476636227220297,0.6979346675798297,0.29174374137073755,0.8637353628873825,0.4666914129629731,0.46564250346273184,0.8487825859338045,0.9041979527100921,0.7549277329817414,0.7545368978753686,0.1549970330670476,0.9866467397660017,0.5184355648234487,0.6309721432626247,0.678691198118031,0.6204694481566548,0.36128360591828823
71,sobol,aligned10,0,-0.23713994489660573,-0.21570129004183483,2.087478275326723,2.093400920016789,3.0463194852936946,nan,nan,3.378838300704956e-06,0,0,ok,,nan,nan,nan,nan,nan,nan,nan,nan,nan,nan,nan,nan,-0.011404080822928563,1.0582831218669455,0,0.8907169802114367,0.3984541120007634,0.6433527171611786,0.6507546445354819,0.7077202657237649,0.6065126275643706,0.3946360405534506,0.8353892592713237,0.20570877101272345,0.24965044297277927,0.6198737965896726,0.9157068096101284,0.4572012033313513,0.006166571751236916,0.09361357241868973,0.3202421385794878,0.8759826328605413,0.30845959950238466,0.20146572217345238,0.7174537004902959,0.577103728428483,0.8918322334066033,0.4755456056445837,0.4749816907569766,0.35905766300857067,0.8920830385759473,0.3374320948496461,0.6964358203113079,0.2967403382062912,0.35498890560120344,0.28531978465616703,0.17515477538108826,0.7092403406277299,0.5901604443788528,0.9715350540354848,0.9174680924043059,0.07748631481081247,0.45545053854584694,0.8104126127436757,0.7183293178677559,0.7759105274453759,0.5332677206024528,0.5416129725053906,0.3044537426903844,0.9039563527330756,0.37897797115147114,0.5280924793332815,0.6908917175605893,0.3358803978189826,0.9808155465871096,0.5476897098124027,0.13293291442096233,0.48399950191378593,0.191694519482553,0.08322808239609003,0.44545535929501057,0.7079832451418042,0.7590548479929566,0.9176821447908878,0.5329954102635384,0.31857453379780054,0.00544079951941967,0.27199402265250683,0.44209542591124773,0.7071221265941858,0.04327487573027611,0.8945785332471132,0.9069743659347296,0.19065347407013178,0.3462157864123583,0.9069609669968486,0.14249986875802279,0.6883975472301245,0.6063777357339859,0.6758262515068054,0.9912050412967801,0.948207525536418,0.9837324135005474,0.47795388847589493,0.6764597846195102,0.54193080868572,0.38960528559982777,0.4986607115715742,0.6263092737644911,0.27850879076868296,0.6576918596401811,0.36704941373318434,0.5264859972521663,0.7205620557069778,0.0031434912234544754,0.46557458210736513,0.3684504050761461,0.33063747826963663,0.9769312115386128,0.31553168315440416,0.2592462254688144,0.34099167585372925,0.42288052197545767,0.2941722059622407,0.5220604483038187
72,sobol,aligned10,0,-1.145308312930541,-1.0442845914567698,2.087478275326723,2.093400920016789,3.0463194852936946,nan,nan,3.1960662454366684e-06,0,0,ok,,nan,nan,nan,nan,nan,nan,nan,nan,nan,nan,nan,nan,-0.014539301157285182,1.0512402314031384,0,0.9968385212123394,0.7969046048820019,0.4432014161720872,0.976284203119576,0.10322146397083998,0.6694034477695823,0.7908033188432455,0.6337800845503807,0.34090323373675346,0.6377377053722739,0.5608184887096286,0.8318336950615048,0.09412939473986626,0.5794123066589236,0.5828664917498827,0.533781273290515,0.015879391692578793,0.7677126564085484,0.42961364798247814,0.3998756464570761,0.027949579991400242,0.18040818069130182,0.8490505525842309,0.8833345463499427,0.24978155829012394,0.4404795691370964,0.3823351673781872,0.3271023305132985,0.1821459298953414,0.7975993631407619,0.7322412999346852,0.09166758880019188,0.5950836148113012,0.8470089854672551,0.7205064594745636,0.18687707651406527,0.38071431405842304,0.5513098696246743,0.21275285817682743,0.2850389378145337,0.34680186584591866,0.2298769596964121,0.6672477275133133,0.3427107520401478,0.11261382885277271,0.9231395218521357,0.7252805875614285,0.25735979340970516,0.25198215432465076,0.8129799850285053,0.826026763767004,0.4170843157917261,0.1522509241476655,0.43849237728863955,0.9093099543824792,0.21792665030807257,0.9756157137453556,0.05872546322643757,0.034925853833556175,0.011083219200372696,0.21916374657303095,0.1417514570057392,0.9661959717050195,0.8703692248091102,0.3601182494312525,0.8721863999962807,0.6210653809830546,0.09715231321752071,0.13930742628872395,0.8901515584439039,0.9637633422389627,0.02464157436043024,0.8086953107267618,0.22204606793820858,0.9817482158541679,0.04470672085881233,0.4323540572077036,0.9307170016691089,0.35219972394406796,0.5751869166269898,0.8332235524430871,0.9676396790891886,0.1190392030403018,0.08436903916299343,0.3350627478212118,0.834826797246933,0.5685291076079011,0.6412654658779502,0.22659682296216488,0.06491584237664938,0.7207106938585639,0.4612293606624007,0.46721441205590963,0.6283818986266851,0.9001533789560199,0.7679064339026809,0.2541757607832551,0.8101538959890604,0.41750637348741293,0.7918863883242011
73,sobol,aligned10,0,0.005737888000785302,0.022221007492505607,2.087478275326723,2.093400920016789,3.0463194852936946,nan,nan,3.229128196835518e-06,0,0,ok,,nan,nan,nan,nan,nan,nan,nan,nan,nan,nan,nan,nan,-0.030029287619932524,1.0522562627221934,0,0.050452603958547115,0.025021232664585114,0.6889882022514939,0.40062716975808144,0.5429231347516179,0.3062215745449066,0.02465920615941286,0.01863114256411791,0.5058413790538907,0.002020837739109993,0.4791906690225005,0.2997305765748024,0.8726228745654225,0.08204362541437149,0.33149266336113214,0.2234409274533391,0.7493783943355083,0.08168052602559328,0.6907602902501822,0.5881850719451904,0.8507444113492966,0.6024757102131844,0.4301482867449522,0.2165979342535138,0.5860035913065076,0.8067397205159068,0.5468789422884583,0.9625919088721275,0.8889113562181592,0.2528136679902673,0.007494843564927578,0.7967153890058398,0.14437304716557264,0.10276746656745672,0.36713933013379574,0.9717399040237069,0.7476601209491491,0.12682668957859278,0.6093296138569713,0.5380679974332452,0.8862619707360864,0.8906008610501885,0.34621279034763575,0.906440420076251,0.9826815212145448,0.2992770569398999,0.4217455256730318,0.5987363532185555,0.7671464160084724,0.02473471313714981,0.1689235521480441,0.5326729267835617,0.610237498767674,0.874555011279881,0.24022879544645548,0.5670250207185745,0.34054209012538195,0.9337101047858596,0.8730646390467882,0.7909841304644942,0.6370276445522904,0.8222329104319215,0.010791409760713577,0.07026144210249186,0.511328405700624,0.22925618197768927,0.01927927602082491,0.5773609057068825,0.5316279148682952,0.04170270450413227,0.30530682019889355,0.5671606305986643,0.3016475075855851,0.6306637451052666,0.08864119835197926,0.6381874643266201,0.7573778368532658,0.46304299402981997,0.9506383342668414,0.006304264068603516,0.20711564272642136,0.35388126969337463,0.9814289985224605,0.7015981068834662,0.6255063153803349,0.215926893055439,0.06787384487688541,0.3343376414850354,0.9580177227035165,0.7855454003438354,0.1595172854140401,0.9102032892405987,0.883157848380506,0.48987445794045925,0.2895849868655205,0.009525329805910587,0.7182303266599774,0.05702876299619675,0.7479320643469691,0.07571059744805098
74,sobol,aligned10,0,0.35227519816887615,0.46619220193049177,2.087478275326723,2.093400920016789,3.0463194852936946,nan,nan,3.1508971005678177e-06,0,0,ok,,nan,nan,nan,nan,nan,nan,nan,nan,nan,nan,nan,nan,-0.029545947408841745,1.0451303985700056,0,0.402059986256063,0.5344557100906968,0.03898629825562239,0.7212308533489704,0.9889491023495793,0.21117577143013477,0.734477074816823,0.40504915453493595,0.94977699033916,0.44276448525488377,0.08657522685825825,0.21294392459094524,0.4327199487015605,0.9645374333485961,0.18791806418448687,0.9980012373998761,0.7893419563770294,0.6530675934627652,0.9429818047210574,0.11897364258766174,0.32075858768075705,0.9817726407200098,0.5022768322378397,0.7105934284627438,0.27860229928046465,0.7303983746096492,0.018972763791680336,0.658504125662148,0.319967077113688,0.04161261394619942,0.9062182642519474,0.31014534644782543,0.9679340105503798,0.3113548317924142,0.19504665210843086,0.6549341510981321,0.024404363706707954,0.9942591711878777,0.3008612636476755,0.15684502571821213,0.021724523045122623,0.6444223737344146,0.7876380048692226,0.0460502402856946,0.678786151111126,0.5611369302496314,0.9262790298089385,0.24086695350706577,0.6451253090053797,0.4308693427592516,0.6424856837838888,0.1983328927308321,0.8493846310302615,0.17811263632029295,0.5039330506697297,0.793276984244585,0.6306432951241732,0.5581692894920707,0.5214165253564715,0.6313788508996367,0.41744413413107395,0.7222866229712963,0.3582480335608125,0.41229801904410124,0.8198302397504449,0.3926803544163704,0.3887103917077184,0.9563123378902674,0.2566157737746835,0.30669219233095646,0.6488718604668975,0.9120891885831952,0.06746961548924446,0.7881456129252911,0.3126362906768918,0.8245839970186353,0.09521492570638657,0.7448660656809807,0.23101845383644104,0.4802927915006876,0.4417474130168557,0.055423738434910774,0.40225767716765404,0.27954641450196505,0.8482383945956826,0.35491234343498945,0.41076143831014633,0.9746231269091368,0.2860495513305068,0.7035522488877177,0.8246910152956843,0.6450331285595894,0.16934004984796047,0.7766041327267885,0.22967061400413513,0.7033092249184847,0.8871285123750567,0.7310911631211638,0.016220666468143463,0.275982272811234
75,sobol,aligned10,0,0.3977830613743961,0.31156367751903186,2.087478275326723,2.093400920016789,3.0463194852936946,nan,nan,3.425171598792076e-06,0,0,ok,,nan,nan,nan,nan,nan,nan,nan,nan,nan,nan,nan,nan,-0.024454998801138838,1.03906279730982,0,0.5828837268054485,0.26056176144629717,0.7848989693447948,0.15528629440814257,0.428626942448318,0.8250285508111119,0.4380601802840829,0.7550529828295112,0.14500669296830893,0.8227493977174163,0.8870274405926466,0.6827902225777507,0.6629995871335268,0.4677656926214695,0.9450901132076979,0.30828174017369747,0.4446673570200801,0.4660436399281025,0.17300051730126143,0.9324952717870474,0.5505511146038771,0.30959424655884504,0.218023587949574,0.37783356569707394,0.9322434086352587,0.018529482185840607,0.9110653242096305,0.05180644243955612,0.6124258367344737,0.5241700764745474,0.36479088477790356,0.5777532840147614,0.2945596231147647,0.5515069989487529,0.8296103794127703,0.44038563407957554,0.8444750513881445,0.3274359032511711,0.8771782098338008,0.9116269461810589,0.7486217208206654,0.4916916601359844,0.2336958320811391,0.7050540586933494,0.291041093878448,0.18519780039787292,0.24799928069114685,0.8947435058653355,0.13190820813179016,0.7188570182770491,0.3601244995370507,0.8139453306794167,0.3894067769870162,0.5087140304967761,0.3309160629287362,0.4295456660911441,0.06100281607359648,0.4332761410623789,0.320468976162374,0.41030486300587654,0.9446218926459551,0.3079194584861398,0.6803820095956326,0.6508865328505635,0.05942891165614128,0.5056400885805488,0.9749125642701983,0.4990839548408985,0.91407685354352,0.6554965134710073,0.11935143917798996,0.49220587126910686,0.5761081492528319,0.3140987176448107,0.7418522825464606,0.48056468088179827,0.7155344244092703,0.1499795075505972,0.5715454192832112,0.9075649259611964,0.5678405538201332,0.6369713172316551,0.5146169550716877,0.8811417780816555,0.17482973914593458,0.7193947238847613,0.9132781578227878,0.03219946101307869,0.5252696573734283,0.4281589863821864,0.262826100923121,0.22730741184204817,0.7454244177788496,0.10733485408127308,0.5882873414084315,0.4488805718719959,0.08530440088361502,0.47985239792615175,0.8193170391023159,0.6230175355449319
76,sobol,aligned10,0,0.8536659998347776,0.9066450191900538,2.087478275326723,2.093400920016789,3.0463194852936946,nan,nan,3.3010728657245636e-06,0,0,ok,,nan,nan,nan,nan,nan,nan,nan,nan,nan,nan,nan,nan,-0.018899234851460747,1.033324994610309,0,0.6863198988139629,0.7204359909519553,0.6207208838313818,0.10708005167543888,0.27328772470355034,0.5520618855953217,0.5128627680242062,0.2957913847640157,0.7721710549667478,0.16998830903321505,0.1698610782623291,0.5393194388598204,0.2522152755409479,0.13308554142713547,0.8020310457795858,0.44013862684369087,0.30923381075263023,0.33978092670440674,0.7673639180138707,0.3555880766361952,0.17275219317525625,0.07137517910450697,0.7304074233397841,0.32271967735141516,0.8500058380886912,0.5181851107627153,0.16788679081946611,0.7501057628542185,0.08136154152452946,0.9658311111852527,0.7736553587019444,0.19222348555922508,0.4768226146697998,0.4554708981886506,0.42958504147827625,0.8201230792328715,0.6014183852821589,0.4232029849663377,0.4605196500197053,0.7661286070942879,0.5145640363916755,0.8355673607438803,0.5886034639552236,0.5329577308148146,0.5363253820687532,0.8748177997767925,0.25977907702326775,0.47339073847979307,0.4345808010548353,0.5076531954109669,0.886576040647924,0.9859796678647399,0.06661162618547678,0.02783851884305477,0.01436233427375555,0.3612206904217601,0.13442977517843246,0.3422389980405569,0.637349802069366,0.6229706453159451,0.0813298262655735,0.49842615239322186,0.4722895398736,0.9696315405890346,0.13250155374407768,0.06834366638213396,0.3580954233184457,0.6575816692784429,0.42392675671726465,0.840201766230166,0.4001417923718691,0.21164712961763144,0.14199633058160543,0.882264906540513,0.5514683611690998,0.21744820475578308,0.5882841115817428,0.08780883997678757,0.04483543895184994,0.35470734629780054,0.9910284942016006,0.5166638679802418,0.8377619925886393,0.41061386931687593,0.5632211836054921,0.9631336955353618,0.2295702351257205,0.5913836024701595,0.6489808177575469,0.2818547831848264,0.38925441540777683,0.8390472512692213,0.827486633323133,0.3746688300743699,0.8588157910853624,0.8980968296527863,0.6120900325477123,0.23341673612594604,0.19463490135967731,0.49317964166402817
77,sobol,aligned10,0,-1.6081344238098099,-1.5042065161317413,2.087478275326723,2.093400920016789,3.0463194852936946,nan,nan,3.1890813261270523e-06,0,0,ok,,nan,nan,nan,nan,nan,nan,nan,nan,nan,nan,nan,nan,-0.0075672188165745325,1.0313355579401222,0,0.360962881706655,0.44543863367289305,0.37481226585805416,0.5158059177920222,0.8336118031293154,0.4078580280765891,0.31019590701907873,0.9267969205975533,0.07651887461543083,0.5322712436318398,0.8681939654052258,0.07167050521820784,0.5309718502685428,0.6377786500379443,0.049741809256374836,0.7547972118481994,0.9567581852898002,0.5257902601733804,0.09911276865750551,0.6710642501711845,0.9485575091093779,0.6496776882559061,0.05369050055742264,0.5304718958213925,0.4391479752957821,0.23002611938863993,0.7777455672621727,0.39780381228774786,0.8514814600348473,0.48375942651182413,0.4865915756672621,0.9285813672468066,0.7761809574440122,0.710981304757297,0.5330583043396473,0.02696665283292532,0.2808584701269865,0.753938072361052,0.8454496562480927,0.021112319082021713,0.22485963441431522,0.0498181851580739,0.39403432235121727,0.21814656630158424,0.42983772698789835,0.4970052121207118,0.5658664358779788,0.6311759548261762,0.920455802232027,0.3427729681134224,0.10446608811616898,0.1208858909085393,0.6710830526426435,0.6582596208900213,0.8363354271277785,0.9789191894233227,0.5489165047183633,0.7171015916392207,0.4544768249616027,0.34302849136292934,0.5619685612618923,0.5377933261916041,0.5526781650260091,0.2151779429987073,0.9970284411683679,0.9552295003086329,0.7567976033315063,0.13776113372296095,0.7781841941177845,0.2435689689591527,0.8710646005347371,0.6301436983048916,0.6500204540789127,0.4705688841640949,0.3781727980822325,0.6239476874470711,0.22589942160993814,0.5573754068464041,0.633035640232265,0.7829019352793694,0.11718269996345043,0.16169501654803753,0.19995342381298542,0.8090690933167934,0.39759457018226385,0.08004997204989195,0.7272670790553093,0.40176711045205593,0.41163651645183563,0.5688544111326337,0.9528854116797447,0.28851278591901064,0.2748387521132827,0.5092697525396943,0.4669354120269418,0.1369080599397421,0.4159807115793228,0.9775143880397081,0.8917596694082022,0.6546907760202885
78,sobol,aligned10,0,0.9170529165765015,0.9682887168438703,2.087478275326723,2.093400920016789,3.0463194852936946,nan,nan,3.3371616154909134e-06,0,0,ok,,nan,nan,nan,nan,nan,nan,nan,nan,nan,nan,nan,nan,-0.028087311188282678,1.0404033681352804,0,0.2126312991604209,0.9872679952532053,0.9000427834689617,0.35215461533516645,0.6355182696133852,0.06253756303340197,0.9579830095171928,0.5555248102173209,0.38203395064920187,0.9750918596982956,0.6983034396544099,0.4077246831730008,0.21214765775948763,0.2526601143181324,0.40814500395208597,0.0291145583614707,0.5045629171654582,0.20843905303627253,0.34737584739923477,0.13739963620901108,0.47271662298589945,0.7783191427588463,0.8875378035008907,0.020851414650678635,0.6297940202057362,0.30712700728327036,0.31154545675963163,0.23110472597181797,0.4203546904027462,0.19447053596377373,0.6036304803565145,0.41076132468879223,0.0841817632317543,0.8905159430578351,0.8921627011150122,0.34981492906808853,0.9951122496277094,0.12479256093502045,0.056997024454176426,0.6445264862850308,0.8710600826889277,0.29599500726908445,0.9603984812274575,0.8285825541242957,0.22015676647424698,0.7343823546543717,0.0861132126301527,0.02140823658555746,0.5425971951335669,0.24865052290260792,0.5858331816270947,0.6422549327835441,0.931729937903583,0.3553724065423012,0.4155955230817199,0.6275451555848122,0.47988654486835003,0.8376535726711154,0.18216231279075146,0.2346088793128729,0.273751019500196,0.8875550832599401,0.8282669484615326,0.3101366376504302,0.6727800136432052,0.6669893832877278,0.6516193440183997,0.26698865089565516,0.05710233934223652,0.4783467845991254,0.2140345461666584,0.8481258032843471,0.9769711876288056,0.06555122137069702,0.15024093631654978,0.9367164382711053,0.8763280855491757,0.2757311565801501,0.4158869683742523,0.6992967743426561,0.3512642001733184,0.4912633113563061,0.6834192546084523,0.23078266344964504,0.11254558898508549,0.47612491250038147,0.7594249043613672,0.7922052117064595,0.8324460741132498,0.9244070956483483,0.03211407922208309,0.02331592235714197,0.558909086510539,0.22644701320677996,0.02881766203790903,0.583743711002171,0.24503503553569317,0.31078766006976366,0.37141686398535967,0.9467594418674707
79,sobol,aligned10,0,-0.3563697144019742,-0.5127443512547787,2.087478275326723,2.093400920016789,3.0463194852936946,nan,nan,3.495020791888237e-06,0,0,ok,,nan,nan,nan,nan,nan,nan,nan,nan,nan,nan,nan,nan,-0.016123510836829714,1.039183209675671,0,0.7723040692508221,0.21428885869681835,0.15425242111086845,0.7705772165209055,0.19581468030810356,0.9579006154090166,0.22308881115168333,0.1593735460191965,0.7186169158667326,0.35292303282767534,0.281157617457211,0.9381187036633492,0.9421942420303822,0.7577328449115157,0.6624485198408365,0.7143937461078167,0.23017702996730804,0.8954707235097885,0.5225084871053696,0.8276607673615217,0.6559773683547974,0.4498757282271981,0.32984920125454664,0.8125956412404776,0.03442130517214537,0.9408394265919924,0.6333239655941725,0.6209905138239264,0.6511679422110319,0.7397432010620832,0.12537396606057882,0.7095591807737947,0.6608605505898595,0.13042790349572897,0.00749284029006958,0.5570321045815945,0.1276772152632475,0.6978677362203598,0.6371558457612991,0.3973567942157388,0.39391866233199835,0.5737462192773819,0.029990509152412415,0.42056861985474825,0.8714823154732585,0.11254594288766384,0.7669676030054688,0.8666934603825212,0.054778363555669785,0.9137874227017164,0.42849387414753437,0.2771239774301648,0.32917348202317953,0.9584112539887428,0.7493188520893455,0.024479604326188564,0.8289479976519942,0.21288247220218182,0.9758909288793802,0.95564114023,0.8637032574042678,0.08207360934466124,0.1311480300500989,0.5011176029220223,0.4489374849945307,0.30970401503145695,0.2373332316055894,0.8097274145111442,0.6452503716573119,0.5750895077362657,0.556080843321979,0.3061731234192848,0.46930945850908756,0.5368170868605375,0.7952400324866176,0.28071598056703806,0.30899497400969267,0.8686040239408612,0.7617700072005391,0.1314586503431201,0.7252172958105803,0.8159735109657049,0.2957022385671735,0.6136213531717658,0.9107710793614388,0.6057526543736458,0.2598053300753236,0.2322260206565261,0.1029313812032342,0.20755209121853113,0.5954400189220905,0.6051062289625406,0.10390225611627102,0.8918097736313939,0.6687444690614939,0.32650749664753675,0.7830622959882021,0.5564054688438773,0.5412125373259187,0.1700138058513403
80,sobol,aligned10,0,-0.7192596521200681,-0.7198229979672132,2.087478275326723,2.093400920016789,3.0463194852936946,nan,nan,3.417953848838806e-06,0,0,ok,,nan,nan,nan,nan,nan,nan,nan,nan,nan,nan,nan,nan,-0.020376588381394018,1.0333595580921182,0,0.8112455643713474,0.9458130588755012,0.7405621791258454,0.21821529511362314,0.8766541108489037,0.38230038713663816,0.31473533529788256,0.5089774131774902,0.5527587104588747,0.9014926888048649,0.3094320986419916,0.6102056354284286,0.47369582019746304,0.9339543748646975,0.346389003098011,0.3935725810006261,0.11208128742873669,0.6812114464119077,0.31204210687428713,0.052742231637239456,0.8416424300521612,0.371256360784173,0.3610031995922327,0.541502371430397,0.8119952054694295,0.3311675973236561,0.7141103083267808,0.5761949615553021,0.9238268034532666,0.45255752466619015,0.6518170358613133,0.7655266588553786,0.5637683616951108,0.803408307954669,0.03739985916763544,0.9617568030953407,0.22581288684159517,0.2750604311004281,0.31684897281229496,0.10883905179798603,0.5720667261630297,0.4449663385748863,0.6242147283628583,0.7541759284213185,0.1567056905478239,0.08165900409221649,0.654555069282651,0.523969853296876,0.4603322669863701,0.11147405486553907,0.6020549833774567,0.9048092011362314,0.01898811198771,0.14861159678548574,0.6422602878883481,0.673161786980927,0.1820351704955101,0.3026023143902421,0.6874473849311471,0.14007746055722237,0.13741801772266626,0.7938184253871441,0.7322856383398175,0.24285467993468046,0.5582742532715201,0.026511036790907383,0.6581338057294488,0.41785441618412733,0.7943443031981587,0.09254958759993315,0.6703490950167179,0.2651700899004936,0.8285919558256865,0.10649126302450895,0.7750562122091651,0.29935966804623604,0.458819174207747,0.6415309151634574,0.07909970916807652,0.16443550027906895,0.615118351764977,0.9020606642588973,0.7687275661155581,0.8262509629130363,0.21423473116010427,0.2575236912816763,0.4898260533809662,0.41076392494142056,0.7739008143544197,0.24064800515770912,0.7892756685614586,0.12227374408394098,0.15365675371140242,0.5328597137704492,0.7969430899247527,0.9077912420034409,0.5681107612326741,0.319715179502964,0.4409735705703497,0.4220582451671362
81,sobol,aligned10,0,0.8466116580013459,0.6071666558267319,2.087478275326723,2.093400920016789,3.0463194852936946,nan,nan,3.356020897626877e-06,0,0,ok,,nan,nan,nan,nan,nan,nan,nan,nan,nan,nan,nan,nan,-0.029004774353476415,1.0298565496880243,0,0.2361976569518447,0.21983289252966642,0.48634872678667307,0.6591600924730301,0.4413736518472433,0.5191192366182804,0.6120677273720503,0.143405188806355,0.3583091152831912,0.26975337509065866,0.7267303820699453,0.01755183655768633,0.7430540537461638,0.4307127306237817,0.5987392766401172,0.8333684932440519,0.6541549684479833,0.4922188110649586,0.5734786810353398,0.9894647467881441,0.03747881855815649,0.9184309272095561,0.9186996566131711,0.3742546085268259,0.39909464307129383,0.916051640175283,0.3561875484883785,0.21217472851276398,0.1301463609561324,0.9972811974585056,0.11038970109075308,0.12297837436199188,0.17556524276733398,0.05943739041686058,0.922313860617578,0.12941640242934227,0.9057315895333886,0.9189347187057137,0.9866789309307933,0.853919779881835,0.15760650392621756,0.65939402859658,0.4286699779331684,0.4947234755381942,0.8099457966163754,0.7037381073459983,0.4601529287174344,0.3692397214472294,0.9422917235642672,0.7920517465099692,0.38440949376672506,0.020429253578186035,0.7426306810230017,0.5377306854352355,0.44476321060210466,0.041852207854390144,0.5017993906512856,0.6776176504790783,0.47090541291981936,0.9197947895154357,0.7192831123247743,0.23833696637302637,0.30829936265945435,0.9415222676470876,0.3134432453662157,0.8876723479479551,0.1969326501712203,0.8825008990243077,0.37859006971120834,0.9960429584607482,0.07437659334391356,0.8305315105244517,0.33644060511142015,0.5113552706316113,0.17005897033959627,0.8933632038533688,0.8524235850200057,0.2380654076114297,0.7394281988963485,0.7215906856581569,0.48907095566391945,0.29610824305564165,0.1310558496043086,0.45910582039505243,0.7626889245584607,0.6371590625494719,0.99044871609658,0.5960853658616543,0.036571784876286983,0.8910641856491566,0.3529601935297251,0.5014248285442591,0.6986685050651431,0.3353990176692605,0.3763155974447727,0.1816523876041174,0.40484500024467707,0.5631034169346094,0.6463994700461626,0.7102789673954248
82,sobol,aligned10,0,-0.45170192633938006,-0.5274985472054601,2.087478275326723,2.093400920016789,3.0463194852936946,nan,nan,3.200024366378784e-06,0,0,ok,,nan,nan,nan,nan,nan,nan,nan,nan,nan,nan,nan,nan,-0.018326525178417607,1.0280595007095057,0,0.337652332149446,0.714647987857461,0.7699565766379237,0.4631901979446411,0.028001492843031883,0.9865710493177176,0.15195990446954966,0.2803113628178835,0.16358010470867157,0.20635973010212183,0.8381189433857799,0.4932573093101382,0.0609474265947938,0.5533459167927504,0.9902522480115294,0.07461248897016048,0.8230533907189965,0.8037795163691044,0.8261349350214005,0.4596527386456728,0.5090241953730583,0.5407848665490746,0.022047207690775394,0.8645727215334773,0.7167548630386591,0.6210824241861701,0.8279456784948707,0.40891652274876833,0.5750680295750499,0.708292500115931,0.9778553731739521,0.6090645538643003,0.9992520930245519,0.35469515807926655,0.5002216594293714,0.4933375744149089,0.36926249135285616,0.21019341796636581,0.1657527331262827,0.4805041244253516,0.8094069873914123,0.9366566138342023,0.987282925285399,0.6148030124604702,0.5978614278137684,0.4651478873565793,0.9496389329433441,0.9781763162463903,0.564443364739418,0.6361627923324704,0.9265105072408915,0.7485720533877611,0.9817624315619469,0.48368332628160715,0.8032591165974736,0.31461224518716335,0.4615782629698515,0.7992529310286045,0.13464203104376793,0.5025681918486953,0.4449968431144953,0.342189509421587,0.09218838531523943,0.5369778862223029,0.01263231411576271,0.7384074861183763,0.33215089049190283,0.527200355194509,0.6611643712967634,0.729779108427465,0.9814258236438036,0.6750857643783092,0.04049000144004822,0.9154191622510552,0.42653095908463,0.5811288552358747,0.014586235396564007,0.956415917724371,0.4577963761985302,0.7649453366175294,0.22314627189189196,0.12271174695342779,0.7354787550866604,0.5060464097186923,0.7274263203144073,0.8066662596538663,0.52260656747967,0.2053039437159896,0.7076250249519944,0.5980420410633087,0.6311563141644001,0.7988062929362059,0.48273557610809803,0.9315697597339749,0.06542518362402916,0.597604219801724,0.2007565489038825,0.14682281482964754,0.11775397602468729,0.8753025867044926
83,sobol,aligned10,0,-0.18716606155158527,-0.11176167632226619,2.087478275326723,2.093400920016789,3.0463194852936946,nan,nan,3.3869873732328415e-06,0,0,ok,,nan,nan,nan,nan,nan,nan,nan,nan,nan,nan,nan,nan,-0.023547915553850888,1.0229409000235798,0,0.6471383012831211,0.4866496156901121,0.01586900930851698,0.9138469928875566,0.5926915034651756,0.10042405966669321,0.9170665089040995,0.8797621494159102,0.9994487697258592,0.5901686511933804,0.13945050444453955,0.8986543025821447,0.7847697362303734,0.050727915950119495,0.23600976541638374,0.6349984901025891,0.41193057782948017,0.11580922175198793,0.055955298244953156,0.5210991688072681,0.3618582496419549,0.24371353536844254,0.6987562756985426,0.03131695929914713,0.11927442718297243,0.12784549966454506,0.24250476993620396,0.8027090281248093,0.36756925377994776,0.22567302267998457,0.25310887210071087,0.27895613200962543,0.26337025314569473,0.5950649976730347,0.3965042559430003,0.661613485775888,0.5023063132539392,0.5961026176810265,0.5308415470644832,0.7276123566552997,0.4575096685439348,0.21459807269275188,0.057850562036037445,0.13604951463639736,0.4932892909273505,0.8432060722261667,0.13000436779111624,0.13594619184732437,0.0805214885622263,0.45535134617239237,0.08360513765364885,0.36415304988622665,0.25618961825966835,0.829856195487082,0.0940747456625104,0.962538399733603,0.8467679983004928,0.1741461018100381,0.9571253582835197,0.28131062164902687,0.9175484050065279,0.6315566683188081,0.8828439190983772,0.27483003679662943,0.8668976807966828,0.34764613024890423,0.8089380050078034,0.05428408179432154,0.011527295224368572,0.326647880487144,0.2643908681347966,0.23312299605458975,0.5327748684212565,0.45293845143169165,0.5032317265868187,0.23763245064765215,0.6756390677765012,0.42231989093124866,0.8604573467746377,0.31813323497772217,0.8492999859154224,0.6964533375576138,0.34789859130978584,0.15451970882713795,0.3119982499629259,0.17359016556292772,0.020061181858181953,0.7702648313716054,0.4780950825661421,0.2524201422929764,0.19441347382962704,0.32590699661523104,0.930075878277421,0.20237066317349672,0.738006248138845,0.36757394950836897,0.772104206494987,0.892234749160707,0.7958500804379582,0.22575386613607407
84,sobol,aligned10,0,1.220632518313519,1.2007965231943398,2.087478275326723,2.093400920016789,3.0463194852936946,nan,nan,3.666151314973831e-06,0,0,ok,,nan,nan,nan,nan,nan,nan,nan,nan,nan,nan,nan,nan,-0.025495750625252486,1.0169885707008892,0,0.6218211688101292,0.5246469639241695,0.32042396627366543,0.8333844523876905,0.7498617535457015,0.28057262673974037,0.10025893803685904,0.4210783587768674,0.12271070014685392,0.4299109112471342,0.9213138679042459,0.761073405854404,0.13204681873321533,0.3489091256633401,0.0031074397265911102,0.6124288653954864,0.3419190915301442,0.23463323805481195,0.9000722821801901,0.19081224128603935,0.9860100820660591,0.3881869241595268,0.24917883798480034,0.22705182433128357,0.16294469311833382,0.6275008451193571,0.9915462508797646,0.0009092856198549271,0.8361039385199547,0.2840120028704405,0.858018297702074,0.8973926370963454,0.4456399558112025,0.38232443667948246,0.8597619561478496,0.031510038301348686,0.7550992937758565,0.6528319949284196,0.07250062469393015,0.5899304589256644,0.2851639473810792,0.6204810775816441,0.6394425258040428,0.12020318862050772,0.7403107564896345,0.1533400323241949,0.36224314104765654,0.7458584969863296,0.3519457019865513,0.30229829531162977,0.6704195914790034,0.4416305487975478,0.19984392262995243,0.3180244751274586,0.30881678592413664,0.7808634797111154,0.9577916599810123,0.08549500722438097,0.016192469745874405,0.7439158754423261,0.06208457425236702,0.5660194661468267,0.20618411526083946,0.0967250382527709,0.9499533856287599,0.7849129848182201,0.42641385179013014,0.8532903864979744,0.5174249392002821,0.13779986277222633,0.231651253066957,0.4512066524475813,0.24709908943623304,0.7588975941762328,0.6878172932192683,0.43935561180114746,0.5517905093729496,0.3594134710729122,0.2711863461881876,0.8902756590396166,0.7090195370838046,0.5824945056810975,0.049890512600541115,0.6836227728053927,0.9499812833964825,0.3860746072605252,0.8365973997861147,0.35319139529019594,0.35253868345171213,0.3950640019029379,0.06707262713462114,0.7483783587813377,0.5121379150077701,0.4662871193140745,0.9440822582691908,0.7855401849374175,0.3000481054186821,0.6464819479733706,0.17116555850952864,0.847474561072886
85,sobol,aligned10,0,-2.1134283494715995,-2.097069661220387,2.087478275326723,2.093400920016789,3.0463194852936946,nan,nan,3.229128196835518e-06,0,0,ok,,nan,nan,nan,nan,nan,nan,nan,nan,nan,nan,nan,nan,-0.010835418049502235,1.019878252563612,0,0.4256146615371108,0.2975078448653221,0.5745151098817587,0.2899616127833724,0.18516986910253763,0.6363690001890063,0.8341154493391514,0.8015385419130325,0.7864119280129671,0.8038341430947185,0.12070896942168474,0.35396753810346127,0.9011417189612985,0.8438497204333544,0.7544202348217368,0.17722584679722786,0.9230944346636534,0.9236029535531998,0.23153123073279858,0.750306973233819,0.1348723629489541,0.8416265109553933,0.5334394602105021,0.9353152308613062,0.5010264916345477,0.12071033287793398,0.06330944318324327,0.6481171464547515,0.10602212883532047,0.7661457024514675,0.3797618579119444,0.22353427112102509,0.8074904885143042,0.6386013552546501,0.22495408821851015,0.871182793751359,0.1225427919998765,0.04020579997450113,0.7461638748645782,0.3369628442451358,0.9498682282865047,0.28101381566375494,0.3193870121613145,0.630649340339005,0.3544964687898755,0.5295256460085511,0.558220487087965,0.39971976820379496,0.8710221778601408,0.6060960730537772,0.3277655728161335,0.576507237739861,0.5387203898280859,0.9952670522034168,0.6043962268158793,0.37896993570029736,0.3588544251397252,0.960632435977459,0.8255155086517334,0.46427842043340206,0.5817245058715343,0.401652286760509,0.7551858508959413,0.843488440848887,0.1793057657778263,0.1758898152038455,0.9657009737566113,0.31790404580533504,0.1865934981033206,0.7892325893044472,0.5150885954499245,0.8944987105205655,0.7402267605066299,0.3590729171410203,0.36703694704920053,0.8453404083848,0.13304748572409153,0.7686768192797899,0.922252512536943,0.44255448412150145,0.3351121861487627,0.21970470529049635,0.9121425021439791,0.035205693915486336,0.026710255071520805,0.5005493583157659,0.338868067599833,0.671205504797399,0.583944333717227,0.7368961479514837,0.5058256974443793,0.12703781109303236,0.08823421876877546,0.6676538567990065,0.36714277882128954,0.062453136779367924,0.7266184724867344,0.3925861269235611,0.993290594778955,0.004589212127029896
86,sobol,aligned10,0,2.1983241321133957,2.301060612349293,2.1983241321133957,2.301060612349293,2.8386597929611903,nan,nan,3.2670795917510986e-06,0,0,ok,,nan,nan,nan,nan,nan,nan,nan,nan,nan,nan,nan,nan,-0.03528417306603825,1.0386842163437708,0,0.027130371890962124,0.7602027142420411,0.16616692766547203,0.5784908449277282,0.3464592033997178,0.8535461509600282,0.43698449712246656,0.6807545935735106,0.7305916184559464,0.7347011817619205,0.44682683795690536,0.127529576420784,0.3401443501934409,0.23409524280577898,0.648048329167068,0.9182244949042797,0.5997768063098192,0.3738907277584076,0.480335864238441,0.28494814969599247,0.661401754245162,0.7113418160006404,0.39850576873868704,0.42937210481613874,0.3167330948635936,0.4164392100647092,0.5973839890211821,0.9807866085320711,0.6611734163016081,0.5556243443861604,0.5280585112050176,0.7408704506233335,0.11536541115492582,0.9629118647426367,0.3340580081567168,0.5017073201015592,0.6485450835898519,0.8309726268053055,0.41401102486997843,0.9681873042136431,0.07921206578612328,0.0037567103281617165,0.7529389150440693,0.2606156077235937,0.049158934503793716,0.2683905689045787,0.031991311348974705,0.7606766922399402,0.7489941529929638,0.9499728130176663,0.8620463693514466,0.16035911347717047,0.7993216142058372,0.04961861111223698,0.15148674231022596,0.23133196868002415,0.6777639854699373,0.5783624202013016,0.5378167415037751,0.11335895024240017,0.3638042053207755,0.04798428528010845,0.5943413563072681,0.6860065637156367,0.4956201035529375,0.44996870681643486,0.5638098390772939,0.21287767961621284,0.9001122387126088,0.555256113409996,0.42151221726089716,0.6120912525802851,0.8789513977244496,0.200637293048203,0.10668922774493694,0.656731934286654,0.9826186057180166,0.05051372852176428,0.14211581274867058,0.03958319220691919,0.0697358651086688,0.4242119649425149,0.4542025597766042,0.9884115383028984,0.49928974639624357,0.9286111351102591,0.18175563495606184,0.030332554131746292,0.160267673432827,0.7563586849719286,0.47932662162929773,0.4244154607877135,0.8744199220091105,0.06757653690874577,0.1760958330705762,0.7246207911521196,0.9326859060674906,0.8171560754999518,0.26988570019602776,0.3317223219200969
87,sobol,aligned10,0,-0.02449039119097407,-0.19314958400620624,2.1983241321133957,2.301060612349293,2.8386597929611903,nan,nan,3.168126568198204e-06,0,0,ok,,nan,nan,nan,nan,nan,nan,nan,nan,nan,nan,nan,nan,-0.00961051438581487,1.0597876748634087,0,0.9576528705656528,0.03507418651133776,0.9203763268887997,0.04476521722972393,0.7817415362223983,0.24890992604196072,0.6405669152736664,0.034172357991337776,0.42656995356082916,0.12432618997991085,0.5287904627621174,0.7223805459216237,0.564198998734355,0.7293887566775084,0.39081524312496185,0.3536118110641837,0.13398848567157984,0.5618686238303781,0.6556668831035495,0.7197161130607128,0.4677194943651557,0.008035505190491676,0.8174006566405296,0.7216122532263398,0.9721765778958797,0.8315272908657789,0.45725808572024107,0.3701822077855468,0.39227327331900597,0.01041370164602995,0.24099465366452932,0.37957211025059223,0.6295520048588514,0.20352214947342873,0.6876692781224847,0.341724113561213,0.4691137010231614,0.476311519742012,0.7674464136362076,0.21334095858037472,0.6813533687964082,0.8508519697934389,0.19801731873303652,0.9882837943732738,0.9211564501747489,0.8924948237836361,0.8532245140522718,0.10203795600682497,0.2318767663091421,0.14640977326780558,0.1441649030894041,0.7952576922252774,0.46242115274071693,0.6369639132171869,0.9509428841993213,0.6166089372709394,0.013393844477832317,0.45313349831849337,0.37059922236949205,0.8346959101036191,0.7741302466019988,0.9784657536074519,0.42867124173790216,0.3777162628248334,0.625826551578939,0.58896195422858,0.04010867606848478,0.7399322483688593,0.30414795130491257,0.40394189581274986,0.8260744940489531,0.04610599670559168,0.3876433353871107,0.6678442982956767,0.9635785408318043,0.00021667126566171646,0.331079863011837,0.5786888459697366,0.5511089423671365,0.5957072302699089,0.9436274636536837,0.7567431135103106,0.5664240317419171,0.35562625620514154,0.5399008626118302,0.05970360152423382,0.6813464164733887,0.9628448616713285,0.8995030513033271,0.09435145743191242,0.9175304947420955,0.9520001672208309,0.2903446573764086,0.8006816748529673,0.5049869772046804,0.49764222279191017,0.09388495050370693,0.06565016228705645,0.56468116492033,0.5515606990084052
88,sobol,aligned10,0,0.7261328659424403,0.6662219006577152,2.1983241321133957,2.301060612349293,2.8386597929611903,nan,nan,3.421911969780922e-06,0,0,ok,,nan,nan,nan,nan,nan,nan,nan,nan,nan,nan,nan,nan,-0.009779603894964408,1.053750129778061,0,0.9301522402092814,0.6366344206035137,0.2435711668804288,0.3283635638654232,0.4038339601829648,0.061079083010554314,0.04896506667137146,0.4975127214565873,0.058098497800529,0.5135502247139812,0.5878762993961573,0.5252247489988804,0.990183237940073,0.18544413056224585,0.9015773478895426,0.5150268999859691,0.7738933488726616,0.022117316722869873,0.9753667050972581,0.41324014123529196,0.8873111717402935,0.7829394582659006,0.4439554652199149,0.13674573320895433,0.6131904497742653,0.2510100482031703,0.2600036393851042,0.7468437310308218,0.004794369451701641,0.5796745819970965,0.8117569983005524,0.3536808621138334,0.5505057433620095,0.48381536547094584,0.9406510554254055,0.5720695285126567,0.04186338372528553,0.5013009058311582,0.24009070452302694,0.7871343297883868,0.18761062249541283,0.4201109176501632,0.07334671914577484,0.9034939305856824,0.06416349299252033,0.41084134951233864,0.8943791063502431,0.9185063596814871,0.1802044166252017,0.05643957760185003,0.48298480175435543,0.5130605408921838,0.16991740558296442,0.8838498666882515,0.05844260286539793,0.8441355153918266,0.3108267281204462,0.7240183632820845,0.7373393913730979,0.37125558499246836,0.686407214961946,0.8723445469513535,0.8721408229321241,0.8098095273599029,0.2852083584293723,0.26009569969028234,0.44423977471888065,0.30318752862513065,0.3700513644143939,0.8600138127803802,0.8044161759316921,0.16396596003323793,0.10938848741352558,0.03546575177460909,0.6288490109145641,0.9638715013861656,0.7844675444066525,0.5066285636276007,0.6773617705330253,0.6506843660026789,0.6812176965177059,0.3347776709124446,0.9406782537698746,0.9327189261093736,0.5966190900653601,0.4477839386090636,0.38307696022093296,0.8303709197789431,0.39137520734220743,0.033069304190576077,0.14570408407598734,0.8592479759827256,0.41180339083075523,0.5868674675002694,0.21850675344467163,0.9752966687083244,0.055943175218999386,0.7027841657400131,0.6919191982597113,0.7585413996130228
89,sobol,aligned10,0,-0.7778367515718527,-0.8108728304173096,2.1983241321133957,2.301060612349293,2.8386597929611903,nan,nan,3.4170225262641907e-06,0,0,ok,,nan,nan,nan,nan,nan,nan,nan,nan,nan,nan,nan,nan,-0.0015109244585890746,1.0506805911311659,0,0.11628413200378418,0.40863437205553055,0.9972922848537564,0.7946453141048551,0.9685070468112826,0.9163884678855538,0.7526092110201716,0.8501981310546398,0.8472322318702936,0.1279096733778715,0.3877409752458334,0.11811877135187387,0.22656710911542177,0.6803869567811489,0.15295105520635843,0.19650664925575256,0.49161095451563597,0.8350931266322732,0.1430532643571496,0.5977644333615899,0.24137913156300783,0.4862419543787837,0.7768899500370026,0.962173736654222,0.20727487560361624,0.992295004427433,0.685293952934444,0.10500625055283308,0.7971892589703202,0.09745126310735941,0.4582563880831003,0.5235724980011582,0.18870868161320686,0.7236357731744647,0.08302752114832401,0.2711177682504058,0.8306783493608236,0.17578623164445162,0.5663668941706419,0.03429022338241339,0.5397519255056977,0.6979255639016628,0.8777923742309213,0.34761036839336157,0.9654580587521195,0.788624937646091,0.21353874541819096,0.201288603246212,0.6670485893264413,0.844614359550178,0.5153205255046487,0.3820289922878146,0.5693184109404683,0.30420131236314774,0.8564636586233974,0.4960291897878051,0.8808346120640635,0.3489726586267352,0.4207083387300372,0.5923031065613031,0.2059212913736701,0.16171175613999367,0.1674686474725604,0.001519099809229374,0.5931046325713396,0.6538497433066368,0.9205461852252483,0.775614220649004,0.95719606988132,0.20855916664004326,0.4589777169749141,0.7442353498190641,0.6181412199512124,0.5654206080362201,0.30125181935727596,0.3703908175230026,0.4047794062644243,0.09950140863656998,0.015920566394925117,0.20387429278343916,0.30541873443871737,0.9709959113970399,0.08435048907995224,0.284247487783432,0.4271777756512165,0.5637244274839759,0.8866332406178117,0.1452321782708168,0.6697342377156019,0.8200822537764907,0.7074392987415195,0.2691589165478945,0.9878853894770145,0.29506260249763727,0.6079445658251643,0.24720468930900097,0.9711619792506099,0.445663021877408,0.3934377748519182,0.10923868976533413
90,sobol,aligned10,0,-1.8419906883540271,-1.807447025010854,2.1983241321133957,2.301060612349293,2.8386597929611903,nan,nan,3.4261029213666916e-06,0,0,ok,,nan,nan,nan,nan,nan,nan,nan,nan,nan,nan,nan,nan,-0.010136766982069782,1.047991354041456,0,0.46783238649368286,0.8990726107731462,0.27667298819869757,0.08302243519574404,0.5005925847217441,0.5740277348086238,0.48041338101029396,0.7297798497602344,0.6669684359803796,0.31792851351201534,0.06163072865456343,0.3907062252983451,0.5454525453969836,0.3038171259686351,0.26513845194131136,0.9531276449561119,0.031725204549729824,0.3986641177907586,0.39522984251379967,0.06984457466751337,0.7113701719790697,0.11360077653080225,0.15785639360547066,0.45621500723063946,0.8919959953054786,0.5409254059195518,0.1550946608185768,0.26608878932893276,0.4939340027049184,0.3239428214728832,0.5752954119816422,0.010146956890821457,0.8884288305416703,0.924716298468411,0.47392360121011734,0.10177282243967056,0.4296672362834215,0.9528828673064709,0.2735187625512481,0.6616070028394461,0.42676562909036875,0.9596792254596949,0.4441644214093685,0.7313455529510975,0.6308238282799721,0.042367116548120975,0.6894133826717734,0.5914323125034571,0.795027363114059,0.688000806607306,0.049490462988615036,0.8567519122734666,0.831895518116653,0.7484473790973425,0.40330982487648726,0.1436688182875514,0.09036936983466148,0.22152394335716963,0.19252282567322254,0.9863096419721842,0.9902173243463039,0.26562383864074945,0.45181494019925594,0.4690469382330775,0.7688557244837284,0.9739461680874228,0.5498819686472416,0.6311593856662512,0.23687142878770828,0.4425394721329212,0.6144324187189341,0.776518345810473,0.758849497884512,0.9689886262640357,0.04551749024540186,0.18222438637167215,0.7426165025681257,0.8178497599437833,0.7984972530975938,0.3099406296387315,0.039980899542570114,0.6726764841005206,0.5325210010632873,0.7375453654676676,0.07953724358230829,0.9914137907326221,0.6044598920270801,0.5360441086813807,0.08999053388834,0.6756197093054652,0.3078966932371259,0.03424694202840328,0.20961677748709917,0.9382147686555982,0.9191253883764148,0.5359590174630284,0.6732364716008306,0.7798975380137563,0.8746208483353257,0.30542100220918655
91,sobol,aligned10,0,0.8065405295557062,0.8909828584745922,2.1983241321133957,2.301060612349293,2.8386597929611903,nan,nan,3.214925527572632e-06,0,0,ok,,nan,nan,nan,nan,nan,nan,nan,nan,nan,nan,nan,nan,-0.030267029854289095,1.0595693823714638,0,0.5160124329850078,0.1730903061106801,0.5302758505567908,0.5395922176539898,0.06529900897294283,0.46792536601424217,0.7143303072080016,0.10999595932662487,0.48641661554574966,0.947837139479816,0.9803920825943351,0.9855572897940874,0.30026509799063206,0.7991089373826981,0.507966285571456,0.2718298090621829,0.7025268264114857,0.7126317471265793,0.7188001908361912,0.8795829778537154,0.40993582736700773,0.6601573750376701,0.6217663837596774,0.6312600113451481,0.30340781807899475,0.20408892910927534,0.790355515666306,0.8820640472695231,0.7006355067715049,0.8690638523548841,0.1634757248684764,0.8675986183807254,0.37431084737181664,0.1801961874589324,0.6127437334507704,0.8011641465127468,0.7028573211282492,0.36970828101038933,0.9201458375900984,0.4066400099545717,0.8414699099957943,0.17399345431476831,0.5147263975813985,0.017805619165301323,0.2743061212822795,0.6644157599657774,0.3833177015185356,0.3117145486176014,0.31013082806020975,0.400064785964787,0.9565968317911029,0.2258204547688365,0.4305185219272971,0.06338312290608883,0.6973950816318393,0.5083922110497952,0.725803722627461,0.8466002251952887,0.8993054386228323,0.20638274494558573,0.4001733101904392,0.7101424597203732,0.5241930214688182,0.7158102290704846,0.10164476279169321,0.11187141388654709,0.08917665667831898,0.16602686792612076,0.5901332916691899,0.5938680097460747,0.1478704707697034,0.31919010914862156,0.2519163778051734,0.3814170518890023,0.8995038075372577,0.5262436429038644,0.06764790415763855,0.2874163640663028,0.3949982263147831,0.8670978397130966,0.9158871369436383,0.0042159417644143105,0.4261016836389899,0.10469237249344587,0.8817605404183269,0.12201708182692528,0.10288736969232559,0.47077847365289927,0.8448948403820395,0.45878184121102095,0.8692045425996184,0.5930842133238912,0.6255577253177762,0.17814806569367647,0.27773305028676987,0.31178812216967344,0.3538418570533395,0.024781017564237118,0.040999275632202625,0.5933956988155842
92,sobol,aligned10,0,-0.09876865428465588,-0.0855291928726154,2.1983241321133957,2.301060612349293,2.8386597929611903,nan,nan,3.2889656722545624e-06,0,0,ok,,nan,nan,nan,nan,nan,nan,nan,nan,nan,nan,nan,nan,-0.021171295512876102,1.057361244024603,0,0.7445690063759685,0.838225825689733,0.8194672856479883,0.7130733532831073,0.22258367575705051,0.1628272095695138,0.2722181621938944,0.5892856679856777,0.6102278623729944,0.04587713722139597,0.19755216035991907,0.8460537334904075,0.6482747215777636,0.5985868982970715,0.7447901349514723,0.4836694533005357,0.5513385785743594,0.5931744612753391,0.3134078476577997,0.3303763261064887,0.7821061480790377,0.9531883969902992,0.07042760495096445,0.5771209867671132,0.4787955293431878,0.7037154817953706,0.03743830230087042,0.17399898264557123,0.23167738877236843,0.6837501702830195,0.6980764800682664,0.48743988387286663,0.4323060279712081,0.8421552153304219,0.14558151178061962,0.4232118772342801,0.9461593274027109,0.3794080438092351,0.4956808425486088,0.27088811062276363,0.9197584306821227,0.5183550668880343,0.1825076313689351,0.2211827328428626,0.5232825595885515,0.353671433404088,0.12446760013699532,0.8279007626697421,0.007334268651902676,0.3734155585989356,0.2896154271438718,0.08582782372832298,0.11149847600609064,0.5825592083856463,0.8967846827581525,0.7018392123281956,0.579015364870429,0.882035980001092,0.09027075208723545,0.7603723779320717,0.5134501177817583,0.5175924925133586,0.3163447296246886,0.9127033306285739,0.20642475131899118,0.5495110992342234,0.7067214772105217,0.9885872760787606,0.06867215782403946,0.9096424570307136,0.3641466787084937,0.10000257473438978,0.9663025578483939,0.8127493048086762,0.8379345834255219,0.7894745878875256,0.19100698921829462,0.47478789556771517,0.9851686796173453,0.4350916612893343,0.5258541647344828,0.14942669589072466,0.22214518580585718,0.5713254753500223,0.36459208745509386,0.3187434859573841,0.7866109684109688,0.9057332882657647,0.9690026566386223,0.31565542984753847,0.99381348118186,0.4811897575855255,0.8013691045343876,0.4103257339447737,0.040453352965414524,0.8469411423429847,0.8279121909290552,0.2785437200218439,0.9143634168431163,0.4642306240275502
93,sobol,aligned10,0,0.6322053523096176,0.5387726725601029,2.1983241321133957,2.301060612349293,2.8386597929611903,nan,nan,3.2349489629268646e-06,0,0,ok,,nan,nan,nan,nan,nan,nan,nan,nan,nan,nan,nan,nan,-0.022005675714723196,1.0516915930348256,0,0.3018594980239868,0.11309514474123716,0.06586799956858158,0.16372274048626423,0.6578753031790257,0.7991564851254225,0.5373849952593446,0.1880039656534791,0.2892509428784251,0.6580837704241276,0.7800173135474324,0.25340002961456776,0.38491429667919874,0.09534355904906988,0.4970794888213277,0.7901505175977945,0.21440783888101578,0.28020637203007936,0.551116781309247,0.6420673662796617,0.08919985126703978,0.2502559134736657,0.6455512698739767,0.27708359714597464,0.8258001785725355,0.040581272915005684,0.8924176637083292,0.5365546084940434,0.962426770478487,0.13911992404609919,0.031893196515738964,0.626141601242125,0.820455314591527,0.08221582975238562,0.7530993893742561,0.7314950386062264,0.17248001508414745,0.7986746253445745,0.8259133519604802,0.5160894710570574,0.31786111183464527,0.365565687417984,0.8624425195157528,0.5279684411361814,0.3855074727907777,0.9776231618598104,0.8027556566521525,0.044278149493038654,0.5195767106488347,0.5383662013337016,0.6969730276614428,0.9663623925298452,0.6495708795264363,0.22853509616106749,0.18805728573352098,0.08314866852015257,0.2298344662413001,0.006868242286145687,0.7516207378357649,0.03925261925905943,0.09567763842642307,0.4480739217251539,0.6460008937865496,0.15055560786277056,0.9142855443060398,0.4115572990849614,0.18351617269217968,0.46104596462100744,0.7271288158372045,0.006159561686217785,0.8971109837293625,0.5582026019692421,0.4585261456668377,0.28801689203828573,0.23193412460386753,0.3829750455915928,0.6236662557348609,0.8799013746902347,0.3330198395997286,0.9912177277728915,0.4016993371769786,0.5444354182109237,0.8656190568581223,0.20411262195557356,0.6589724263176322,0.700819369405508,0.2879090113565326,0.0874174190685153,0.21609637048095465,0.5362716065719724,0.4306172411888838,0.8915932876989245,0.3463665507733822,0.7060365807265043,0.6485810820013285,0.11799471918493509,0.14548238180577755,0.5261529162526131,0.24820636864751577,0.6838229009881616
94,sobol,aligned10,0,-0.1399903998755179,0.03930800890937433,2.1983241321133957,2.301060612349293,2.8386597929611903,nan,nan,3.4570693969726562e-06,0,0,ok,,nan,nan,nan,nan,nan,nan,nan,nan,nan,nan,nan,nan,-0.015045983927230208,1.0482334338855777,0,0.1533467173576355,0.5713816825300455,0.6612281650304794,0.9678448755294085,0.8739663399755955,0.7070093713700771,0.2022199910134077,0.32552008144557476,0.22006405144929886,0.8501796089112759,0.668621115386486,0.23008022084832191,0.8248779894784093,0.9824721813201904,0.1075329789891839,0.04701441712677479,0.2623060382902622,0.955046241171658,0.7994245728477836,0.17469432298094034,0.6133205853402615,0.1308354763314128,0.2960489559918642,0.7674173396080732,0.00856863521039486,0.4926541466265917,0.4245357448235154,0.8423529276624322,0.265738770365715,0.41214223578572273,0.9306164979934692,0.14396606013178825,0.004737391136586666,0.2537553319707513,0.6751915905624628,0.8912575077265501,0.5839593652635813,0.07234970107674599,0.021838564425706863,0.14658149611204863,0.7117150444537401,0.10380559228360653,0.3038755813613534,0.3942485433071852,0.20662640780210495,0.2245828127488494,0.29428825341165066,0.6864384328946471,0.891717984341085,0.8819910073652864,0.23894792702049017,0.30461451783776283,0.8867725012823939,0.7850853698328137,0.548262027092278,0.31038696970790625,0.7989881336688995,0.3755123233422637,0.6037683999165893,0.38213452231138945,0.8192131752148271,0.09446557890623808,0.9847000828012824,0.37100532557815313,0.7227869052439928,0.21652095951139927,0.28746133111417294,0.06680427212268114,0.4513594610616565,0.27242721151560545,0.05319129768759012,0.9635239010676742,0.1605919012799859,0.12908537965267897,0.4916052194312215,0.07222033757716417,0.2740949122235179,0.16173182986676693,0.6141629153862596,0.5260189780965447,0.13583520986139774,0.8741402672603726,0.2514267172664404,0.7511452371254563,0.8191739860922098,0.8709345376119018,0.19512754026800394,0.7283819019794464,0.5435825670138001,0.9542937437072396,0.5857545584440231,0.656685127876699,0.5698855565860868,0.0589789692312479,0.8393690902739763,0.6573594007641077,0.4452132359147072,0.19922355469316244,0.5188753418624401,0.9796147188171744
95,sobol,aligned10,0,0.348287176660488,0.15719172452234897,2.1983241321133957,2.301060612349293,2.8386597929611903,nan,nan,3.435881808400154e-06,0,0,ok,,nan,nan,nan,nan,nan,nan,nan,nan,nan,nan,nan,nan,-0.016361188305633236,1.0427797869141853,0,0.8304902343079448,0.34424090199172497,0.40750299394130707,0.4087970806285739,0.30929520167410374,0.31939883809536695,0.99961416143924,0.9597036493942142,0.9313604244962335,0.4780870536342263,0.367541391402483,0.6354771042242646,0.0794658325612545,0.47985641937702894,0.853229584172368,0.7407176503911614,0.9721921598538756,0.14105581119656563,0.06850557681173086,0.8611722281202674,0.2653697179630399,0.5836570952087641,0.9865197809413075,0.06698169186711311,0.6709665143862367,0.7513990039005876,0.5051065944135189,0.4470962919294834,0.5357947666198015,0.8948551472276449,0.33062594570219517,0.9701076401397586,0.7405509743839502,0.5094832954928279,0.28647711500525475,0.2001598421484232,0.29465517215430737,0.7492761947214603,0.6566891940310597,0.8935662349686027,0.047254822216928005,0.7644708575680852,0.7489483207464218,0.8568557538092136,0.8266630945727229,0.6003717556595802,0.5978092709556222,0.46531582716852427,0.3775321887806058,0.21680252719670534,0.771047554910183,0.6850661616772413,0.3506303569301963,0.4036945002153516,0.3512848364189267,0.912460446357727,0.3843733752146363,0.5007106382399797,0.30421997886151075,0.661989651620388,0.29188296291977167,0.9300983306020498,0.037336984649300575,0.5696730250492692,0.4057358941063285,0.8226772071793675,0.82626773416996,0.6016998467966914,0.8446832727640867,0.6755403047427535,0.7072195019572973,0.38217317685484886,0.6685018260031939,0.7212001355364919,0.5634040599688888,0.7282208548858762,0.9117178590968251,0.6940577998757362,0.20430073514580727,0.07829982787370682,0.7599752424284816,0.4488433292135596,0.6449311058968306,0.3995641767978668,0.14188959449529648,0.23444136884063482,0.691784942522645,0.29604932107031345,0.2672521900385618,0.17888328526169062,0.022009121254086494,0.21503743901848793,0.017242071218788624,0.8229516539722681,0.479288742877543,0.43233395740389824,0.5281547494232655,0.9492035852745175,0.31757789105176926,0.13697542529553175
96,sobol,aligned10,0,-0.970312315879082,-0.9508410906849705,2.1983241321133957,2.301060612349293,2.8386597929611903,nan,nan,3.268010914325714e-06,0,0,ok,,nan,nan,nan,nan,nan,nan,nan,nan,nan,nan,nan,nan,-0.012562767837236142,1.0379948785697488,0,0.8127480801194906,0.8603282552212477,0.0477545615285635,0.05823431257158518,0.6921763001009822,0.4386562732979655,0.13893363252282143,0.8693580813705921,0.3709408063441515,0.7903458522632718,0.006764124147593975,0.08183273114264011,0.8578025680035353,0.6120713306590915,0.6308581558987498,0.49979908764362335,0.9107610192149878,0.37655747402459383,0.6400335151702166,0.9599966872483492,0.4965652599930763,0.16758460365235806,0.6037938026711345,0.8007641946896911,0.32859246525913477,0.27685908880084753,0.6932247253134847,0.1446154462173581,0.9980084197595716,0.5332659529522061,0.32491300720721483,0.33302565664052963,0.46420248690992594,0.2735972786322236,0.9062543259933591,0.5214969348162413,0.9287395253777504,0.609703172929585,0.2876255363225937,0.7527991877868772,0.5288393534719944,0.9853182304650545,0.9415754433721304,0.9354205494746566,0.6108173066750169,0.2375536235049367,0.7170873815193772,0.7063207160681486,0.19489169120788574,0.837022009305656,0.7079820306971669,0.1472751284018159,0.863490336574614,0.2485231263563037,0.3710391391068697,0.3546508364379406,0.31562307197600603,0.9053642963990569,0.1555856755003333,0.30268030147999525,0.07605929393321276,0.7541066789999604,0.23436458501964808,0.42643023282289505,0.9595966124907136,0.7530503766611218,0.9528691284358501,0.53579609002918,0.3327573901042342,0.5372649924829602,0.3797926865518093,0.06865064520388842,0.8660617507994175,0.3730585416778922,0.7105220919474959,0.35309665463864803,0.4150446932762861,0.8443992529064417,0.8459541257470846,0.10303611494600773,0.29043117072433233,0.37480379175394773,0.10060260724276304,0.5898317703977227,0.9615362538024783,0.16797105129808187,0.5912631079554558,0.4325122684240341,0.6159960720688105,0.9426354169845581,0.7445623418316245,0.29949888586997986,0.6078562717884779,0.5945844650268555,0.05768378637731075,0.9942187527194619,0.2340122777968645,0.7428127005696297,0.7331243250519037,0.23698680941015482
97,sobol,aligned10,0,-0.0625415395414845,-0.0530363197973531,2.1983241321133957,2.301060612349293,2.8386597929611903,nan,nan,3.2258685678243637e-06,0,0,ok,,nan,nan,nan,nan,nan,nan,nan,nan,nan,nan,nan,nan,-0.022436474518079914,1.0371522817167629,0,0.1398159908130765,0.0872842613607645,0.8014759179204702,0.5685150474309921,0.13140566367655993,0.5837598256766796,0.9363270616158843,0.4705226132646203,0.5343975527212024,0.41239429265260696,0.9551808005198836,0.5497257923707366,0.11285553779453039,0.11676252633333206,0.3772870600223541,0.8062187610194087,0.32373491395264864,0.6876183040440083,0.49596779979765415,0.01976560428738594,0.6326170125976205,0.6208830615505576,0.1790681593120098,0.10031330306082964,0.9918723832815886,0.971268106251955,0.36169203370809555,0.5032512247562408,0.19659177120774984,0.015915117226541042,0.9128796672448516,0.5381340822204947,0.790882047265768,0.5178391886875033,0.05297111254185438,0.3225716296583414,0.20240823552012444,0.19239162374287844,0.8912686044350266,0.007597819902002811,0.23938115034252405,0.14493636135011911,0.013592666946351528,0.31543197948485613,0.48089237697422504,0.6098616439849138,0.3976969253271818,0.4236747473478317,0.7071265075355768,0.00020435359328985214,0.3025913778692484,0.7779633877798915,0.4054698394611478,0.563429425470531,0.5441169831901789,0.9849988548085093,0.9926850683987141,0.030440660193562508,0.9400288416072726,0.5228234976530075,0.5330770509317517,0.21571608260273933,0.806228045374155,0.6329142581671476,0.16990286484360695,0.14527863450348377,0.4140379223972559,0.008712486363947392,0.9946129340678453,0.3780487412586808,0.8502760110422969,0.5270471479743719,0.37317440565675497,0.7741077253594995,0.3438444109633565,0.9471004288643599,0.7697313129901886,0.2534184940159321,0.44489630591124296,0.5342221288010478,0.6643384750932455,0.9485460082069039,0.9864294258877635,0.19137456268072128,0.014659875072538853,0.7888478776440024,0.09262403380125761,0.6212120149284601,0.32402722258120775,0.1595362275838852,0.1828271271660924,0.8270835978910327,0.05495519004762173,0.27153749763965607,0.6351024555042386,0.22022785898298025,0.8013364356011152,0.4993844125419855,0.43053832463920116,0.8963012145832181
98,sobol,aligned10,0,-0.16517148010972527,-0.2355417035825582,2.1983241321133957,2.301060612349293,2.8386597929611903,nan,nan,3.1760428100824356e-06,0,0,ok,,nan,nan,nan,nan,nan,nan,nan,nan,nan,nan,nan,nan,-0.02284570987546159,1.0318549919107336,0,0.2882982539013028,0.5973757905885577,0.455917414277792,0.31114426255226135,0.3377234460785985,0.9261835049837828,0.3355332016944885,0.10547471605241299,0.9788208305835724,0.0949687510728836,0.593800337985158,0.9629296520724893,0.6768581727519631,0.9924167012795806,0.016879286617040634,0.03189400862902403,0.15291363839060068,0.014674369245767593,0.24715167935937643,0.5543380565941334,0.16461840830743313,0.998483401723206,0.7631290778517723,0.6062872894108295,0.17476600967347622,0.5501725114881992,0.8292997730895877,0.8678402351215482,0.5008122650906444,0.30487781949341297,0.061107534915208817,0.05204790271818638,0.09875647816807032,0.8180408077314496,0.38131378684192896,0.054660563357174397,0.5411527529358864,0.9362927637994289,0.19851809740066528,0.6266138330101967,0.8521380880847573,0.3832432618364692,0.5721595976501703,0.6993054207414389,0.17697397153824568,0.3716452196240425,0.8870913786813617,0.7836045641452074,0.8291533961892128,0.4065716164186597,0.7585718100890517,0.4909693459048867,0.13484359811991453,0.38389523793011904,0.21565460599958897,0.6487481957301497,0.03315026592463255,0.3990704510360956,0.6655138302594423,0.9298118352890015,0.25680713914334774,0.3657716969028115,0.5901171797886491,0.8533678464591503,0.47059339471161366,0.48057176638394594,0.056939663365483284,0.3951409636065364,0.2156926430761814,0.14419049117714167,0.19383724965155125,0.9946796232834458,0.015459934249520302,0.6820550160482526,0.1201163474470377,0.5078508472070098,0.1115511916577816,0.5342787737026811,0.7250628024339676,0.9518370563164353,0.9297148128971457,0.650213229469955,0.37991465255618095,0.7693839091807604,0.4796099476516247,0.6422821320593357,0.4372817361727357,0.19946290645748377,0.9317836714908481,0.33524877205491066,0.8321103183552623,0.6234160205349326,0.7787926485762,0.9927457310259342,0.8222598703578115,0.5551228560507298,0.6011243760585785,0.7906197058036923,0.8336287783458829,0.6902616126462817
99,sobol,aligned10,0,-0.11983913776107456,-0.14119539869804426,2.1983241321133957,2.301060612349293,2.8386597929611903,nan,nan,3.2999087125062943e-06,0,0,ok,,nan,nan,nan,nan,nan,nan,nan,nan,nan,nan,nan,nan,-0.02428334391823193,1.0267290171786556,0,0.7269184049218893,0.32244329061359167,0.7095205150544643,0.8155119949951768,0.7769270716235042,0.03175085876137018,0.6007008431479335,0.7420968888327479,0.1745565915480256,0.7325654299929738,0.4267385732382536,0.43277978524565697,0.41495469212532043,0.49749133363366127,0.7723423531278968,0.725536085665226,0.6128340903669596,0.8266659872606397,0.884458034299314,0.4888318348675966,0.956203012727201,0.2950511910021305,0.45351024623960257,0.30623465590178967,0.5206382805481553,0.1977101257070899,0.22528129629790783,0.4842882752418518,0.30120228324085474,0.7601835876703262,0.7079426478594542,0.8195961834862828,0.6481149978935719,0.07788825687021017,0.5159004097804427,0.8551466027274728,0.33044658228755,0.2613213025033474,0.6224657976999879,0.37962910160422325,0.3752389885485172,0.7313751317560673,0.3751347465440631,0.049593981355428696,0.7892367914319038,0.9996881997212768,0.19244512543082237,0.06345861777663231,0.3149599749594927,0.7436430836096406,0.228411465883255,0.621755818836391,0.5947943245992064,0.8042780356481671,0.8847966212779284,0.003766752779483795,0.6506461221724749,0.5240246644243598,0.4889956619590521,0.15093326848000288,0.8542670737951994,0.6702765934169292,0.3849227540194988,0.0834114346653223,0.6510935863479972,0.6208774764090776,0.5801201798021793,0.9304943503811955,0.6114311525598168,0.803288740105927,0.5353845851495862,0.41352531500160694,0.5070083225145936,0.21557661425322294,0.9506392776966095,0.1643546810373664,0.7022073585540056,0.06269801314920187,0.0660627605393529,0.37905578315258026,0.055823227390646935,0.044259228743612766,0.5157109536230564,0.3865434778854251,0.5590852033346891,0.27583811804652214,0.9339983258396387,0.7604808611795306,0.13201561197638512,0.5481728799641132,0.2708024689927697,0.0020754672586917877,0.3235326176509261,0.13893692567944527,0.4928866159170866,0.28505400009453297,0.43431195244193077,0.045308864675462246,0.0036845961585640907,0.4118066942319274
100,sobol,aligned10,0,0.4272443284695917,0.3780793673101773,2.1983241321133957,2.301060612349293,2.8386597929611903,nan,nan,3.329012542963028e-06,0,0,ok,,nan,nan,nan,nan,nan,nan,nan,nan,nan,nan,nan,nan,-0.025238901856660355,1.0216267155746648,0,0.5022299345582724,0.6575006516650319,0.8893366539850831,0.9235254805535078,0.932264368981123,0.3370082788169384,0.4166532140225172,0.2149936417117715,0.7973264260217547,0.2600483139976859,0.6458513587713242,0.28932418022304773,0.5119782611727715,0.16780170053243637,0.9730338221415877,0.5311867091804743,0.6332852737978101,0.9456349024549127,0.04034246597439051,0.7836269233375788,0.3281277623027563,0.08807830885052681,0.9734287606552243,0.4853681391105056,0.6971277222037315,0.6973380940034986,0.9782292656600475,0.7138605434447527,0.7696606740355492,0.7028171988204122,0.18101613596081734,0.44926663488149643,0.5803768178448081,0.9151354851201177,0.2403886979445815,0.4829774871468544,0.08302591741085052,0.4897481771185994,0.039851593784987926,0.2985570654273033,0.359625949524343,0.07426987402141094,0.8025683565065265,0.1899980427697301,0.03818283323198557,0.060401941649615765,0.2996838837862015,0.5469222841784358,0.11775427684187889,0.5299973813816905,0.5185332130640745,0.6996604688465595,0.9178646141663194,0.28513071686029434,0.7093790583312511,0.1932464987039566,0.5445043155923486,0.7473399667069316,0.54708550311625,0.815691726282239,0.2488028183579445,0.6049220142886043,0.7041049227118492,0.29595622792840004,0.5330079337581992,0.05857151746749878,0.2138249557465315,0.22510256245732307,0.10156670585274696,0.7401998434215784,0.9450163533911109,0.13262165617197752,0.21449672523885965,0.5254648653790355,0.7640700740739703,0.40136355347931385,0.5721334544941783,0.12529512587934732,0.5381453093141317,0.8264461625367403,0.38530891481786966,0.17187563050538301,0.8195779416710138,0.9159545321017504,0.20237457752227783,0.03211957588791847,0.2346652839332819,0.3670051423832774,0.006108264438807964,0.6637191493064165,0.3974295053631067,0.9236313039436936,0.24928302131593227,0.40236432757228613,0.20091944839805365,0.874896427616477,0.8995436197146773,0.2912590969353914,0.8773830225691199,0.5325202625244856
101,sobol,aligned10,0,-0.2480725349382898,-0.3281339891152685,2.1983241321133957,2.301060612349293,2.8386597929611903,nan,nan,3.308989107608795e-06,0,0,ok,,nan,nan,nan,nan,nan,nan,nan,nan,nan,nan,nan,nan,-0.02075886987323212,1.0175432874825014,0,0.4503267453983426,0.38366391602903605,0.13573760632425547,0.44943857844918966,0.493062661960721,0.7011205581948161,0.6505707623437047,0.5701251663267612,0.10214474983513355,0.8801909405738115,0.314139511436224,0.8216714523732662,0.2673021936789155,0.6704349322244525,0.22245356813073158,0.21260578278452158,0.10096854530274868,0.134597048163414,0.8417568290606141,0.22007430717349052,0.5426936587318778,0.635142263956368,0.3065177593380213,0.6604284169152379,0.10746846254914999,0.04982791654765606,0.0920075261965394,0.07591286953538656,0.031842658296227455,0.24799816217273474,0.5811780821532011,0.685564978979528,0.15700272656977177,0.15962523128837347,0.8438390651717782,0.6745714507997036,0.7942194230854511,0.8133116336539388,0.6551557127386332,0.5514011792838573,0.8993284348398447,0.7896121637895703,0.24616665579378605,0.5589013611897826,0.9316882509738207,0.6864197589457035,0.6206729179248214,0.3306811274960637,0.60460608266294,0.319940566085279,0.4881358230486512,0.31847737543284893,0.3133583115413785,0.903771199285984,0.37571658566594124,0.5921953609213233,0.14661533385515213,0.37253843806684017,0.3573612701147795,0.09562076721340418,0.6435342580080032,0.4254171084612608,0.25725741405040026,0.5192858297377825,0.33846923895180225,0.91811519023031,0.6745054647326469,0.6980480942875147,0.694109202362597,0.3288614209741354,0.2870665043592453,0.7130875140428543,0.7064077500253916,0.121825379319489,0.18153296504169703,0.8073485884815454,0.23916747886687517,0.7220737403258681,0.12779512535780668,0.254694159142673,0.5113562643527985,0.5044064512476325,0.2052063960582018,0.29872348438948393,0.7740679103881121,0.9171326570212841,0.7381624961271882,0.673016750253737,0.8079046122729778,0.4391887355595827,0.9606257453560829,0.45073200948536396,0.6654815655201674,0.729317813180387,0.6220280341804028,0.09809796512126923,0.0645163906738162,0.5446876138448715,0.20712132286280394,0.3185412008315325
102,sobol,aligned10,0,0.3028766578108676,0.550144604898398,2.1983241321133957,2.301060612349293,2.8386597929611903,nan,nan,3.2300595194101334e-06,0,0,ok,,nan,nan,nan,nan,nan,nan,nan,nan,nan,nan,nan,nan,-0.022987435217007194,1.0127907157121556,0,0.09887004364281893,0.923859603703022,0.6060365019366145,0.6763227796182036,0.03881244547665119,0.793330610729754,0.11275377310812473,0.9473871318623424,0.40814871434122324,0.564594442024827,0.23801448289304972,0.6577352229505777,0.9601955926045775,0.28239040449261665,0.3601898178458214,0.9380376199260354,0.42230228520929813,0.5691299438476562,0.5891044028103352,0.6901936940848827,0.004801176488399506,0.7654726793989539,0.6288599353283644,0.17007941380143166,0.7923147520050406,0.4716277401894331,0.6224199626594782,0.30299109406769276,0.727542532607913,0.4585526529699564,0.4487125398591161,0.16822879947721958,0.9806890850886703,0.48887957725673914,0.7034846721217036,0.9525532154366374,0.4454353302717209,0.057697463780641556,0.44238949101418257,0.1745689706876874,0.005246097221970558,0.5513107506558299,0.6797946160659194,0.42507366463541985,0.722030091099441,0.42387319914996624,0.09453529305756092,0.938602059148252,0.9824550934135914,0.22656108904629946,0.9519212134182453,0.9184424094855785,0.0837633116170764,0.08263497613370419,0.8606046177446842,0.8033239496871829,0.8274617111310363,0.24507352523505688,0.0059605007991194725,0.45174399111419916,0.4275976000353694,0.02518076729029417,0.096412792801857,0.9868021607398987,0.02203211560845375,0.7080022990703583,0.7959228307008743,0.8346906676888466,0.4691230123862624,0.06295999698340893,0.6300326520577073,0.8076664498075843,0.9088491415604949,0.46727313939481974,0.409197797998786,0.7455107299610972,0.8934568474069238,0.4414008650928736,0.909395232796669,0.22795087192207575,0.7772809648886323,0.8340979488566518,0.6613291325047612,0.7204980859532952,0.7468009507283568,0.5286293989047408,0.7685499740764499,0.0014202017337083817,0.44789096154272556,0.05241659842431545,0.05522901378571987,0.247083505615592,0.38701633270829916,0.004203598015010357,0.936839509755373,0.6850681630894542,0.2666482077911496,0.2451324751600623,0.5560698062181473,0.01679859682917595
103,sobol,aligned10,0,0.1755238498753397,0.29075474229241266,2.1983241321133957,2.301060612349293,2.8386597929611903,nan,nan,3.443099558353424e-06,0,0,ok,,nan,nan,nan,nan,nan,nan,nan,nan,nan,nan,nan,nan,-0.01982370615848414,1.0083686234222904,0,0.916339224204421,0.15191901847720146,0.35231156926602125,0.1963080894201994,0.5995811633765697,0.18037752620875835,0.8163972282782197,0.3300417270511389,0.7432833909988403,0.20043884869664907,0.7883828775957227,0.18813305255025625,0.19805214367806911,0.7856167620047927,0.6166906012222171,0.2566788662225008,0.8431992763653398,0.25713078770786524,0.29640255495905876,0.251915255561471,0.8743810961022973,0.46830596588552,0.09267644677311182,0.995522690936923,0.3872199207544327,0.777246599085629,0.44809149112552404,0.9072306817397475,0.4665311835706234,0.97638950496912,0.7822546875104308,0.9670871617272496,0.27997917123138905,0.7489674715325236,0.3187308954074979,0.14377357717603445,0.672253955155611,0.6389208324253559,0.8624810073524714,0.9295359561219811,0.7323894342407584,0.328215591609478,0.3611886855214834,0.8257788624614477,0.37334730476140976,0.7980537870898843,0.7907568113878369,0.15986088011413813,0.4975661914795637,0.936365076340735,0.04678274970501661,0.03717445395886898,0.6862935936078429,0.7285814192146063,0.03869238123297691,0.4190085120499134,0.4891462605446577,0.8699056310579181,0.839712860994041,0.7306943256407976,0.9627710981294513,0.9385713841766119,0.9265921758487821,0.20195305906236172,0.8572575533762574,0.3155622696503997,0.3195916321128607,0.3700769152492285,0.8267984706908464,0.9739357698708773,0.10095920227468014,0.3505346216261387,0.4163239486515522,0.9304824685677886,0.5200771503150463,0.08899570535868406,0.2967045595869422,0.907060731202364,0.2567583443596959,0.6600440815091133,0.15112726390361786,0.4713094299659133,0.2970491396263242,0.11890097707509995,0.2921425299718976,0.3970570703968406,0.2669144496321678,0.9448822066187859,0.74185770470649,0.8317412938922644,0.6189744509756565,0.6262345882132649,0.963355808518827,0.8619189215824008,0.2637782460078597,0.4121916340664029,0.6974996561184525,0.9970446499064565,0.35844970121979713,0.8655431419610977
104,sobol,aligned10,0,-0.06136288543691923,-0.21217679794122946,2.1983241321133957,2.301060612349293,2.8386597929611903,nan,nan,3.4461263567209244e-06,0,0,ok,,nan,nan,nan,nan,nan,nan,nan,nan,nan,nan,nan,nan,-0.017945364273543516,1.0036900362897248,0,0.9439085135236382,0.5503661753609776,0.5623541567474604,0.42668383941054344,0.21190987341105938,0.11803196929395199,0.4982242966070771,0.1391433598473668,0.8659044085070491,0.6870749909430742,0.8474534554407,0.05739901773631573,0.3735421858727932,0.3627673741430044,0.12156470213085413,0.5973389726132154,0.20134200155735016,0.7956041395664215,0.08412746898829937,0.5684937844052911,0.294156389310956,0.7402765359729528,0.7163028176873922,0.39600772596895695,0.028232846409082413,0.32186002284288406,0.2703759167343378,0.03792007826268673,0.07117695640772581,0.434499554336071,0.22752821445465088,0.7976446906104684,0.4156965734437108,0.9394074063748121,0.06783681362867355,0.8819316076114774,0.8700036546215415,0.35221266839653254,0.14761769492179155,0.07388594374060631,0.144894415512681,0.8997938157990575,0.4843944339081645,0.7858498236164451,0.6413323925808072,0.2543208980932832,0.9568770732730627,0.8508410323411226,0.41451797168701887,0.7684985240921378,0.3309773011133075,0.25496949441730976,0.9479733277112246,0.983759094029665,0.9546103738248348,0.18175428453832865,0.19444467034190893,0.07781840860843658,0.20670682284981012,0.1940146815031767,0.6247128797695041,0.8336709402501583,0.3742197696119547,0.6105744875967503,0.19629634264856577,0.5179922608658671,0.1647642021998763,0.6808603908866644,0.7531450251117349,0.25809831731021404,0.0285625196993351,0.48255282640457153,0.08459862321615219,0.3040701011195779,0.8259723372757435,0.8750929478555918,0.8433789862319827,0.990779566578567,0.38195844274014235,0.5895330253988504,0.473718611523509,0.9245250215753913,0.17910823225975037,0.6708480715751648,0.34477498568594456,0.09492134116590023,0.5318821389228106,0.8244321681559086,0.24851396214216948,0.7685041008517146,0.3197407554835081,0.5315101370215416,0.8344960818067193,0.5249517410993576,0.9577658185735345,0.9347699815407395,0.6438868492841721,0.3597647100687027,0.47821331955492496,0.5724017815664411
105,sobol,aligned10,0,0.5110062858560587,0.19220702802034062,2.1983241321133957,2.301060612349293,2.8386597929611903,nan,nan,3.3390242606401443e-06,0,0,ok,,nan,nan,nan,nan,nan,nan,nan,nan,nan,nan,nan,nan,-0.018358864475099476,0.9989080265517855,0,0.009662868455052376,0.2754358137026429,0.3081409428268671,0.9466765271499753,0.6510927528142929,0.9806800121441483,0.7018074039369822,0.5210655853152275,0.04517104662954807,0.047402544878423214,0.17894387897104025,0.589746150188148,0.5971163930371404,0.8653984265401959,0.8709232974797487,0.16207480151206255,0.5324219791218638,0.10860277805477381,0.7838117387145758,0.3799707358703017,0.584472875110805,0.0374470641836524,0.0004089558497071266,0.6882326006889343,0.6828574789687991,0.9223681269213557,0.6595410546287894,0.6734270630404353,0.8714301222935319,0.8893471751362085,0.5024461094290018,0.06519303284585476,0.8390169516205788,0.19882796332240105,0.956330044195056,0.21415104065090418,0.0025686128064990044,0.9667900810018182,0.5322530157864094,0.8268535509705544,0.6220377525314689,0.24804302118718624,0.5564059931784868,0.4633013503625989,0.2633530329912901,0.8821501936763525,0.15102550480514765,0.005678784102201462,0.9335868144407868,0.07406847458332777,0.6755677573382854,0.6401199772953987,0.282944543287158,0.3299025185406208,0.13217851892113686,0.5328057911247015,0.6217512842267752,0.9527116762474179,0.8890906320884824,0.9726755740121007,0.019074263982474804,0.1381757566705346,0.6653973301872611,0.32572549767792225,0.9241736270487309,0.3805575259029865,0.6884253034368157,0.14599276334047318,0.4199141450226307,0.6694224197417498,0.7494883639737964,0.9256446612998843,0.592134709469974,0.8300270428881049,0.24438507668673992,0.2816115487366915,0.47135815490037203,0.39613716024905443,0.784130884334445,0.016753780655562878,0.5978733962401748,0.25606385339051485,0.783656932413578,0.053686642087996006,0.6782941147685051,0.9794470351189375,0.03421568963676691,0.13554593734443188,0.9408572874963284,0.11418894212692976,0.7560562305152416,0.089862453751266,0.2506784135475755,0.3587488830089569,0.34915794618427753,0.16273221280425787,0.32070327922701836,0.6168038416653872,0.6873471420258284,0.29419288877397776
106,sobol,aligned10,0,-1.8541386064761451,-1.9265747646619,2.1983241321133957,2.301060612349293,2.8386597929611903,nan,nan,3.186054527759552e-06,0,0,ok,,nan,nan,nan,nan,nan,nan,nan,nan,nan,nan,nan,nan,-0.013364853622918739,0.9955011755041047,0,0.40817767567932606,0.7820917591452599,0.9666875153779984,0.17365180421620607,0.8182490915060043,0.5132873309776187,0.03904761094599962,0.8986932327970862,0.4757397035136819,0.49218570347875357,0.25504601188004017,0.9248313950374722,0.1620800970122218,0.24368114210665226,0.7273410391062498,0.9343846486881375,0.9903848906978965,0.6564192483201623,0.5354772312566638,0.9126511579379439,0.1190088652074337,0.41004252154380083,0.931912031956017,0.19792974833399057,0.49843700509518385,0.5951736299321055,0.1251913718879223,0.947668245062232,0.427503970451653,0.6628911485895514,0.40122293774038553,0.5786185739561915,0.023299490101635456,0.402777137234807,0.5966844372451305,0.412974102422595,0.7263438841328025,0.1623532846570015,0.37001819629222155,0.4461136618629098,0.46997739281505346,0.4705968499183655,0.12285409774631262,0.5834867190569639,0.08299180772155523,0.1364646516740322,0.62693065777421,0.6469054203480482,0.5614442927762866,0.48019894305616617,0.13948641810566187,0.09872950054705143,0.05137339234352112,0.6486569438129663,0.6158456988632679,0.8216750491410494,0.41197236720472574,0.5704254629090428,0.7241491191089153,0.5737095447257161,0.8014476895332336,0.288168016821146,0.9497437346726656,0.16824749112129211,0.7483011800795794,0.24746778886765242,0.841085352934897,0.2588313911110163,0.6360802818089724,0.9353200737386942,0.3434234280139208,0.5809450931847095,0.7965597417205572,0.7374936444684863,0.4693886721506715,0.22021668683737516,0.6295384997501969,0.6769909858703613,0.0030176090076565742,0.4965919340029359,0.8637375365942717,0.0826845234259963,0.3333897655829787,0.9754312066361308,0.8306221188977361,0.5903396205976605,0.43954249005764723,0.5572034763172269,0.29941038228571415,0.3759610867127776,0.2276006955653429,0.3559995209798217,0.5366674959659576,0.8767257519066334,0.16229094006121159,0.6243364326655865,0.026835905387997627,0.15758508164435625,0.08072728384286165,0.11949507053941488
107,sobol,aligned10,0,0.6881606155053062,0.7952044760552694,2.1983241321133957,2.301060612349293,2.8386597929611903,nan,nan,3.322027623653412e-06,0,0,ok,,nan,nan,nan,nan,nan,nan,nan,nan,nan,nan,nan,nan,-0.030568346640238612,1.0065448203101681,0,0.6079852590337396,0.009049441665410995,0.21260018646717072,0.6995575241744518,0.2574691604822874,0.39984535053372383,0.7729035001248121,0.2535806689411402,0.6872815415263176,0.8680624309927225,0.7049448322504759,0.45522934943437576,0.9297332484275103,0.7469092542305589,0.48378066439181566,0.36971057020127773,0.2746309004724026,0.47037918865680695,0.3290335712954402,0.09934315178543329,0.752358173020184,0.8629823811352253,0.35090036876499653,0.9061778811737895,0.8375918082892895,0.14881079643964767,0.8043899023905396,0.3409874914214015,0.626438750885427,0.14508287329226732,0.8600091366097331,0.28372693434357643,0.7239410281181335,0.6465914398431778,0.4894946161657572,0.7448189798742533,0.40578396152704954,0.5189656093716621,0.9499891437590122,0.7009600149467587,0.7596798781305552,0.6303456677123904,0.9258196484297514,0.1676175780594349,0.9472001679241657,0.5083148507401347,0.4458461878821254,0.48924314975738525,0.044319272972643375,0.6743797110393643,0.8593377079814672,0.9838428050279617,0.7183782123029232,0.03780738450586796,0.28172658011317253,0.45599060971289873,0.7797118872404099,0.44544070214033127,0.42993322759866714,0.3533491473644972,0.3364953324198723,0.7497773701325059,0.026271856389939785,0.8915772195905447,0.37998129334300756,0.854204136878252,0.30175818409770727,0.786404836922884,0.03673236723989248,0.024366220459342003,0.9354743184521794,0.014759554527699947,0.2884094910696149,0.14610749948769808,0.5851317821070552,0.5642352281138301,0.0562160974368453,0.20907285623252392,0.6628576144576073,0.9277799725532532,0.23959752079099417,0.7189043434336782,0.6879689833149314,0.37388654984533787,0.12994600739330053,0.4602312417700887,0.939192458987236,0.4964941134676337,0.5152083160355687,0.7254819637164474,0.664343535900116,0.7664030455052853,0.11302127689123154,0.24128449335694313,0.5228524440899491,0.3484082017093897,0.9377889167517424,0.9127225866541266,0.7546882787719369,0.7785634649917483
108,sobol,aligned10,0,-0.8007102291410187,-0.9679845036165062,2.1983241321133957,2.301060612349293,2.8386597929611903,nan,nan,3.41096892952919e-06,0,0,ok,,nan,nan,nan,nan,nan,nan,nan,nan,nan,nan,nan,nan,-0.02391344884259468,1.004236226772915,0,0.6294190296903253,0.9708749484270811,0.37652996648103,0.5615156395360827,0.41267670784145594,0.21964623872190714,0.21367357950657606,0.7894509211182594,0.30962412990629673,0.15287352353334427,0.4848554879426956,0.3137574540451169,0.02797740139067173,0.9164416240528226,0.279198189266026,0.37845203652977943,0.4714736817404628,0.3510669209063053,0.7344321282580495,0.6750697428360581,0.37626824900507927,0.507451806217432,0.832016259431839,0.8354371134191751,0.8801584364846349,0.6484666038304567,0.055378700606524944,0.6017945567145944,0.15743485651910305,0.32941538095474243,0.2783989543095231,0.9157787123695016,0.5319441212341189,0.3601251784712076,0.768914544954896,0.12455737870186567,0.1492995833978057,0.7319220984354615,0.39978223852813244,0.6179732391610742,0.9937397697940469,0.03671898040920496,0.251942528411746,0.08974424470216036,0.19419099856168032,0.4482114752754569,0.06199610140174627,0.8789483150467277,0.27289685513824224,0.5833536526188254,0.3954194411635399,0.8434227844700217,0.7709196973592043,0.5496639823541045,0.12116897292435169,0.2703483747318387,0.9157590148970485,0.29491711035370827,0.6218719966709614,0.6719919880852103,0.699771611019969,0.557533061131835,0.8142655370756984,0.7291239276528358,0.31096367444843054,0.2915387060493231,0.9355466859415174,0.12019927520304918,0.5620391834527254,0.46443493757396936,0.5921840136870742,0.296523904427886,0.995959852822125,0.5813536616042256,0.6447173580527306,0.8627528380602598,0.18677756749093533,0.021886885166168213,0.18987371306866407,0.3715024013072252,0.3193316385149956,0.6225360194221139,0.897777677513659,0.8407055763527751,0.6158868679776788,0.23224021960049868,0.13829703629016876,0.8759908592328429,0.6396365705877542,0.6094569424167275,0.5429203612729907,0.15933036897331476,0.4450224572792649,0.47395074274390936,0.7836159244179726,0.805438844487071,0.47444938588887453,0.6591572556644678,0.1303418567404151,0.1501613724976778
109,sobol,aligned10,0,-0.024504339212531884,-0.03495866379780327,2.1983241321133957,2.301060612349293,2.8386597929611903,nan,nan,3.3481046557426453e-06,0,0,ok,,nan,nan,nan,nan,nan,nan,nan,nan,nan,nan,nan,nan,-0.031040024808635266,1.0023588712862102,0,0.324144484475255,0.19893602468073368,0.6306213485077024,0.06587596423923969,0.9734585424885154,0.8632843401283026,0.9787793755531311,0.4253406198695302,0.599490868858993,0.5191049026325345,0.535683449357748,0.7816506400704384,0.7513035340234637,0.42113458178937435,0.5256882514804602,0.81818703468889,0.7635130286216736,0.5380606250837445,0.3795964764431119,0.3598071923479438,0.7450987892225385,0.21088783163577318,0.3895620545372367,0.002196595072746277,0.28381227143108845,0.094800123013556,0.8898578863590956,0.24950619414448738,0.8960425145924091,0.8467338252812624,0.9916097847744823,0.21463713608682156,0.20531815104186535,0.6197859421372414,0.13025463744997978,0.7850056504830718,0.9693702636286616,0.08609277848154306,0.7962016379460692,0.3728925185278058,0.2668406702578068,0.8134950492531061,0.6955351671203971,0.6613600542768836,0.8396572452038527,0.82205630838871,0.8652729466557503,0.2251947084441781,0.7548639373853803,0.2621591864153743,0.6150338044390082,0.20876737404614687,0.49846760742366314,0.13704063650220633,0.7918056193739176,0.889999995008111,0.2676254156976938,0.6696883300319314,0.2822692543268204,0.393251221626997,0.15690759383141994,0.47092374693602324,0.14807245694100857,0.4591674041002989,0.5675896424800158,0.6848957547917962,0.4587195096537471,0.5853035924956203,0.14185609575361013,0.6236693235114217,0.18373063951730728,0.8616850944235921,0.4874474462121725,0.05262331943958998,0.28489464707672596,0.45625258050858974,0.5024093016982079,0.6145156305283308,0.6013084780424833,0.8035976393148303,0.6951305577531457,0.19723940920084715,0.0022500837221741676,0.442300820723176,0.407428833656013,0.8496981831267476,0.6388606308028102,0.07028485555201769,0.425745096988976,0.2715232977643609,0.10416729096323252,0.7181676421314478,0.8921051630750299,0.6440600594505668,0.39369606506079435,0.03449975699186325,0.5614296877756715,0.4111608639359474,0.956174741499126,0.9986598622053862
110,sobol,aligned10,0,1.4699987451891354,1.742017848671432,2.1983241321133957,2.301060612349293,2.8386597929611903,nan,nan,3.270106390118599e-06,0,0,ok,,nan,nan,nan,nan,nan,nan,nan,nan,nan,nan,nan,nan,-0.030980609485034324,0.9977924851349618,0,0.2225982565432787,0.7357276035472751,0.09733396675437689,0.8083521146327257,0.5581408878788352,0.6461663134396076,0.2530504083260894,0.06090264953672886,0.9184949621558189,0.9579084189608693,0.8970867926254869,0.69583292119205,0.44518898893147707,0.5318047190085053,0.8840990457683802,0.09074178244918585,0.7136309556663036,0.22839573491364717,0.1274390146136284,0.8319406798109412,0.20864233560860157,0.3303539892658591,0.551533873192966,0.5081244641914964,0.6013454142957926,0.42275714222341776,0.4183138580992818,0.37940161023288965,0.3399338573217392,0.5736841028556228,0.10859528183937073,0.6968126771971583,0.9050387619063258,0.7941941078752279,0.3019119631499052,0.5922251120209694,0.25563599821180105,0.7850703597068787,0.11395110003650188,0.9958162121474743,0.637237910181284,0.5909347794950008,0.13692221231758595,0.29118991270661354,0.5025357743725181,0.06752830184996128,0.35677502769976854,0.6144085852429271,0.626885942183435,0.16803997103124857,0.0711322445422411,0.5621561026200652,0.2297717034816742,0.8181002223864198,0.46407545544207096,0.7262528073042631,0.6987159000709653,0.7913093203678727,0.07312654796987772,0.060363318771123886,0.8823657380416989,0.07062393240630627,0.48677151929587126,0.05461151525378227,0.758964542299509,0.9429235067218542,0.07036393415182829,0.9484173515811563,0.9295954862609506,0.8575237141922116,0.7782607981935143,0.6439319718629122,0.127749334089458,0.39759040530771017,0.05601531732827425,0.018483593128621578,0.34812018647789955,0.3338405964896083,0.318700079806149,0.7141387918964028,0.960568405687809,0.401763834990561,0.6146204229444265,0.520280122756958,0.06753980182111263,0.7035010363906622,0.8585792491212487,0.7418508734554052,0.8145682914182544,0.22081076074391603,0.8804069524630904,0.9842856358736753,0.1764906868338585,0.12217619549483061,0.07862565200775862,0.7447612090036273,0.8574057137593627,0.8630439704284072,0.3109234720468521,0.6657590270042419
111,sobol,aligned10,0,0.6692745505067286,0.6129706200445919,2.1983241321133957,2.301060612349293,2.8386597929611903,nan,nan,3.3499673008918762e-06,0,0,ok,,nan,nan,nan,nan,nan,nan,nan,nan,nan,nan,nan,nan,-0.0174582729564382,1.0033615798377944,0,0.7935568103566766,0.4618930211290717,0.8515436043962836,0.31864025723189116,0.11895610485225916,0.2512460006400943,0.5503835417330265,0.6618229886516929,0.23867423925548792,0.3398406058549881,0.06485815811902285,0.1656829146668315,0.7130592204630375,0.03687717951834202,0.13962326291948557,0.651067104190588,0.052603512071073055,0.9144586510956287,0.9909871518611908,0.14146592561155558,0.9199869288131595,0.8770593460649252,0.22833256796002388,0.34089194517582655,0.18756473530083895,0.8222192246466875,0.5271973833441734,0.7693005092442036,0.6022231299430132,0.11834593582898378,0.6301862243562937,0.43311095610260963,0.35574873350560665,0.038256485015153885,0.6592684611678123,0.252087589353323,0.6225817976519465,0.3972061276435852,0.6899428432807326,0.24870797246694565,0.0977797070518136,0.3061654632911086,0.8183066872879863,0.9579612594097853,0.4058137871325016,0.6934545086696744,0.535307252779603,0.2731550009921193,0.14297169167548418,0.9894846426323056,0.9159750090911984,0.4275245191529393,0.5002935789525509,0.495313354767859,0.6385887730866671,0.12123411986976862,0.11015678569674492,0.16644660755991936,0.7726082475855947,0.7806443264707923,0.48018809873610735,0.8911190656945109,0.5352579187601805,0.7610954139381647,0.11177627090364695,0.08039072249084711,0.5315250428393483,0.4759587785229087,0.2745453603565693,0.19841498974710703,0.49874485842883587,0.20176891330629587,0.6349227800965309,0.985890575684607,0.8894946863874793,0.6744833951815963,0.9622062090784311,0.8036513151600957,0.9722079262137413,0.14238881319761276,0.08466218505054712,0.7967712758108974,0.4690012764185667,0.13750930968672037,0.8932768888771534,0.33949932269752026,0.35597086139023304,0.2982053570449352,0.12410102412104607,0.878919486887753,0.4422030793502927,0.39419657457619905,0.7212449610233307,0.7615239126607776,0.7204972356557846,0.46993155498057604,0.1785073382779956,0.11351216305047274,0.6015837825834751,0.4520260654389858
112,sobol,aligned10,0,0.6335085662048465,0.856454228430708,2.1983241321133957,2.301060612349293,2.8386597929611903,nan,nan,3.3210963010787964e-06,0,0,ok,,nan,nan,nan,nan,nan,nan,nan,nan,nan,nan,nan,nan,-0.011326729889802795,1.0009589878820113,0,0.7548670852556825,0.6983328741043806,0.26206489838659763,0.6368723586201668,0.7978423880413175,0.8309193719178438,0.8961758632212877,0.015347917564213276,0.02903927583247423,0.915754028595984,0.0950551275163889,0.27522003185003996,0.24604093097150326,0.15474973525851965,0.8223354471847415,0.4553219946101308,0.1686223903670907,0.6300005922093987,0.2170976148918271,0.9778755186125636,0.6059495033696294,0.7994280131533742,0.19699544925242662,0.054154579527676105,0.9651642618700862,0.4624219872057438,0.5706788590177894,0.7872367184609175,0.8160144919529557,0.8156573446467519,0.15463419258594513,0.09662590362131596,0.3845128398388624,0.8946036668494344,0.6278966600075364,0.21931228786706924,0.5234402939677238,0.5679076025262475,0.2602805467322469,0.2570590926334262,0.9362369887530804,0.677376045845449,0.2856054361909628,0.37315726839005947,0.5660364413633943,0.7253175554797053,0.9172203252092004,0.11743166856467724,0.37213774863630533,0.03190166503190994,0.11689510103315115,0.7973969299346209,0.8146350542083383,0.6781885232776403,0.7217251285910606,0.7074153525754809,0.900864171795547,0.3186656190082431,0.577741077169776,0.06495228223502636,0.5189800662919879,0.2268834449350834,0.07768733613193035,0.48714643716812134,0.8773765675723553,0.36361424811184406,0.1119488226249814,0.8610022841021419,0.1571903210133314,0.711961249820888,0.35322676692157984,0.2427418166771531,0.05738047882914543,0.4308553896844387,0.9308338640257716,0.6555960718542337,0.797794483602047,0.7181947445496917,0.1869834354147315,0.18671608809381723,0.1931739766150713,0.9920636732131243,0.9664311110973358,0.4282326977699995,0.23189676832407713,0.5472243279218674,0.39366624783724546,0.11724607367068529,0.7637175666168332,0.9129929393529892,0.13804633263498545,0.880118964239955,0.5211921082809567,0.6829815274104476,0.8721333714202046,0.7646112572401762,0.45574722066521645,0.7603672761470079,0.376680756919086,0.20407098159193993
113,sobol,aligned10,0,0.6558372835111902,0.6881753627344905,2.1983241321133957,2.301060612349293,2.8386597929611903,nan,nan,3.160908818244934e-06,0,0,ok,,nan,nan,nan,nan,nan,nan,nan,nan,nan,nan,nan,nan,-0.005620222844717402,0.9983484108574876,0,0.19879538752138615,0.47124930657446384,0.5078514460474253,0.23596687708050013,0.3620431674644351,0.19356813747435808,0.1612824657931924,0.6448934376239777,0.8176977075636387,0.28772616758942604,0.9273754265159369,0.8681178595870733,0.9746152525767684,0.6515082977712154,0.0759064182639122,0.7699196618050337,0.5661200601607561,0.4419924467802048,0.9169497461989522,0.041427661664783955,0.27322908118367195,0.471491951495409,0.520188869908452,0.8459140798076987,0.37062041088938713,0.7818062296137214,0.49989270605146885,0.42323007714003325,0.11634821724146605,0.36074770893901587,0.6134204659610987,0.7665780456736684,0.8703256500884891,0.15478311385959387,0.27029602136462927,0.9343265853822231,0.344008918851614,0.23522129748016596,0.9342384822666645,0.502075388096273,0.3340937728062272,0.4543433375656605,0.7321268087252975,0.8757421337068081,0.4673236031085253,0.09914956614375114,0.22098620794713497,0.7761934697628021,0.8580051241442561,0.8686639256775379,0.8970371335744858,0.1825178787112236,0.4151993216946721,0.008760234341025352,0.42757901549339294,0.07805890217423439,0.2830085400491953,0.69377232901752,0.267930643633008,0.8439178736880422,0.12434025388211012,0.7973786229267716,0.9002832425758243,0.7015610989183187,0.24336424563080072,0.7222099946811795,0.5262749819085002,0.3417005958035588,0.5138700855895877,0.3713212078437209,0.8866685908287764,0.6615568716078997,0.5490435501560569,0.968378471210599,0.014309504069387913,0.061592238023877144,0.38844302855432034,0.18385458830744028,0.5260457415133715,0.7399746775627136,0.8172682477161288,0.3157834932208061,0.07104036957025528,0.7954475348815322,0.8075268650427461,0.4332149848341942,0.8913039043545723,0.9364782189950347,0.049810828641057014,0.18844914436340332,0.6992397410795093,0.4936416344717145,0.06593540031462908,0.45071672555059195,0.4495611023157835,0.020879067480564117,0.5093918666243553,0.01306527853012085,0.7108143111690879,0.9292780756950378
114,sobol,aligned10,0,-1.4730976673524456,-1.4793380318576574,2.1983241321133957,2.301060612349293,2.8386597929611903,nan,nan,3.227032721042633e-06,0,0,ok,,nan,nan,nan,nan,nan,nan,nan,nan,nan,nan,nan,nan,0.00018203598296599757,0.995871905621154,0,0.3472185228019953,0.9612745745107532,0.23278874158859253,0.8838695297017694,0.16980137955397367,0.28867688681930304,0.5746983643621206,0.7749626105651259,0.6369460066780448,0.22053715214133263,0.5075311539694667,0.6406957060098648,0.28178268019109964,0.27005172055214643,0.46742698922753334,0.013047849759459496,0.8951442968100309,0.7612319588661194,0.6682107448577881,0.5097238020971417,0.8052526442334056,0.10102992318570614,0.42041190527379513,0.35190332494676113,0.5613835193216801,0.7357396027073264,0.9653904372826219,0.19786238484084606,0.6862498661503196,0.0870139840990305,0.4809548044577241,0.25265980511903763,0.05448230169713497,0.44686657283455133,0.16064993757754564,0.6888765720650554,0.8800209686160088,0.8858492746949196,0.22586776036769152,0.1291531827300787,0.6988910967484117,0.20033919997513294,0.1657626423984766,0.015459693036973476,0.13268165569752455,0.8529375251382589,0.7432490466162562,0.38420297391712666,0.7300321320071816,0.712779400870204,0.41753162164241076,0.578640753403306,0.18364355247467756,0.9385376051068306,0.8165847212076187,0.2881940007209778,0.7429073797538877,0.8143405076116323,0.11886202823370695,0.7024672450497746,0.8363859206438065,0.6512926183640957,0.7463061269372702,0.796531293541193,0.4269266491755843,0.9016872812062502,0.8821420473977923,0.18903724756091833,0.28963729459792376,0.10596552398055792,0.042119464837014675,0.8167128385975957,0.8162142653018236,0.6224271114915609,0.26977680437266827,0.4988277805969119,0.7302628997713327,0.9031895734369755,0.30792052391916513,0.77355414070189,0.5826970208436251,0.017343128100037575,0.5621799295768142,0.24868437368422747,0.7177293859422207,0.013585585169494152,0.6110225562006235,0.26432473585009575,0.6903425641357899,0.30169229581952095,0.2843253957107663,0.19721587095409632,0.8503167070448399,0.784267726354301,0.015623321756720543,0.6997684789821506,0.8383890744298697,0.7145020207390189,0.05726035311818123,0.7192711960524321
115,sobol,aligned10,0,0.09318762538188222,0.15376734363660385,2.1983241321133957,2.301060612349293,2.8386597929611903,nan,nan,3.37185338139534e-06,0,0,ok,,nan,nan,nan,nan,nan,nan,nan,nan,nan,nan,nan,nan,-0.012629091872124538,1.0009231212446372,0,0.6688523972406983,0.2360866805538535,0.9787011742591858,0.4888766035437584,0.7340335892513394,0.6752351373434067,0.3720307545736432,0.3773437011986971,0.45784530602395535,0.6082101026549935,0.4563063671812415,0.23554298002272844,0.5600282922387123,0.7674340456724167,0.7119638090953231,0.6982663618400693,0.3708461495116353,0.07229302916675806,0.4614466652274132,0.4480027137324214,0.06556507386267185,0.6788632264360785,0.8628739947453141,0.5596708171069622,0.14946266543120146,0.008244771510362625,0.10454025492072105,0.5916680051013827,0.384776976890862,0.6047602370381355,0.755872624926269,0.6100519290193915,0.6926314113661647,0.6913868365809321,0.7995539857074618,0.4035477852448821,0.24746447429060936,0.31082288175821304,0.5794910229742527,0.8763228673487902,0.03418872877955437,0.9157439703121781,0.8442183835431933,0.7353928359225392,0.7761560901999474,0.4788461858406663,0.4222707189619541,0.7304647974669933,0.24220567476004362,0.37577453441917896,0.57293258048594,0.4637835919857025,0.5849942853674293,0.374631829559803,0.01850280910730362,0.9341670414432883,0.06547702476382256,0.1893252907320857,0.7855902602896094,0.4824115466326475,0.3010597601532936,0.31468325946480036,0.29135586600750685,0.018636377528309822,0.701626667752862,0.012266729958355427,0.48347992915660143,0.7322947541251779,0.881176583468914,0.9469824908301234,0.6966848894953728,0.27507870458066463,0.32344111893326044,0.027287311851978302,0.6599578149616718,0.8423240063712001,0.08495715633034706,0.49996822513639927,0.9048945493996143,0.33065794687718153,0.4584964318200946,0.6613819599151611,0.41669763531535864,0.6002671755850315,0.25919523648917675,0.8810359193012118,0.11134009901434183,0.6956190373748541,0.4998905537649989,0.5809997953474522,0.8461903100833297,0.6774373594671488,0.29741906747221947,0.08374108653515577,0.6862438665702939,0.4599877865985036,0.12666239775717258,0.46519158501178026,0.8562215566635132,0.3827360738068819
116,sobol,aligned10,0,-0.4860692309979822,-0.5865940970899598,2.1983241321133957,2.301060612349293,2.8386597929611903,nan,nan,3.3748801797628403e-06,0,0,ok,,nan,nan,nan,nan,nan,nan,nan,nan,nan,nan,nan,nan,-0.011716878792348617,0.9966474687762451,0,0.5692843282595277,0.7760391207411885,0.6738983886316419,0.2560774674639106,0.5767508689314127,0.9481627019122243,0.6731438264250755,0.9156840890645981,0.5840979553759098,0.3853801814839244,0.7371864626184106,0.09605471789836884,0.4002300947904587,0.5697033517062664,0.5425380757078528,0.5489342277869582,0.3752984870225191,0.20002049673348665,0.6175753679126501,0.7775820000097156,0.68751962762326,0.940640433691442,0.319561998359859,0.7397902505472302,0.06831871904432774,0.5079008918255568,0.8476880323141813,0.3523299926891923,0.916310478001833,0.9204277144744992,0.35517061594873667,0.24607000686228275,0.5006258860230446,0.28626393619924784,0.45787813793867826,0.7734433840960264,0.4941538870334625,0.43786285165697336,0.004697559401392937,0.801144665107131,0.20653224643319845,0.259125548414886,0.45854903291910887,0.5012695007026196,0.02147101704031229,0.5391956167295575,0.06991476565599442,0.15140474122017622,0.4395315395668149,0.35059062391519547,0.17352381721138954,0.3537152400240302,0.9042884865775704,0.8554176585748792,0.3267715033143759,0.8698093807324767,0.23912085499614477,0.03516064491122961,0.2197176842018962,0.5509938588365912,0.656539274379611,0.381897060200572,0.6107821529731154,0.35297970101237297,0.6142717991024256,0.5749006932601333,0.8514813100919127,0.42534027248620987,0.4026231737807393,0.5105682499706745,0.7919245529919863,0.05572864320129156,0.8981783548370004,0.7159514278173447,0.5945739140734076,0.6056888829916716,0.20329729188233614,0.31204650178551674,0.49434962775558233,0.8993803719058633,0.09976107254624367,0.5547607056796551,0.24766230676323175,0.0669613154605031,0.994941309094429,0.6842994270846248,0.8106888169422746,0.17698323540389538,0.3735863007605076,0.6914075780659914,0.9704791717231274,0.25621924456208944,0.12942006904631853,0.31982479244470596,0.8864598460495472,0.8857684517279267,0.660333544947207,0.21094345301389694,0.23187275044620037,0.5030200136825442
117,sobol,aligned10,0,1.30979163203854,1.4012850942438164,2.1983241321133957,2.301060612349293,2.8386597929611903,nan,nan,3.305962309241295e-06,0,0,ok,,nan,nan,nan,nan,nan,nan,nan,nan,nan,nan,nan,nan,-0.015771172400943775,0.9933393715374575,0,0.384371230378747,0.049991958774626255,0.4279895322397351,0.870789086446166,0.01251671090722084,0.09180103428661823,0.3767262501642108,0.29907501209527254,0.26459960360080004,0.7555991243571043,0.2871962310746312,0.5034048529341817,0.6290522525086999,0.0646442761644721,0.2931184433400631,0.23853272572159767,0.8587097534909844,0.8880211003124714,0.2625718843191862,0.2178126098588109,0.4332980904728174,0.26893887482583523,0.900566253811121,0.4070151438936591,0.7208355711773038,0.23536590207368135,0.2065868778154254,0.9995552562177181,0.15524283610284328,0.40317129250615835,0.8767616031691432,0.8847120674327016,0.23650760669261217,0.5462029380723834,0.5653120996430516,0.06672274507582188,0.6271977163851261,0.8643010640516877,0.6746848737820983,0.048115598037838936,0.558431463316083,0.6071978285908699,0.527628043666482,0.249583026394248,0.8837028313428164,0.16709981299936771,0.7645503273233771,0.9937579603865743,0.9547034343704581,0.5607029087841511,0.8286877302452922,0.7190912710502744,0.3661823095753789,0.4584880964830518,0.5236878376454115,0.4698689505457878,0.5775633808225393,0.9103894475847483,0.9347939258441329,0.2720695100724697,0.19967406056821346,0.5935063688084483,0.41320224292576313,0.5837518963962793,0.26401067432016134,0.4642888754606247,0.26531918440014124,0.906006595119834,0.7993648871779442,0.4217742905020714,0.4459566446021199,0.5985661782324314,0.4055389631539583,0.1831622701138258,0.4603132950142026,0.19970390759408474,0.6065373672172427,0.8404657784849405,0.8436503428965807,0.4555598422884941,0.9756215484812856,0.13726814649999142,0.8520732009783387,0.7154347337782383,0.044250236824154854,0.30419867765158415,0.3100965563207865,0.8630386628210545,0.5659448830410838,0.4083217103034258,0.4068481754511595,0.8692569844424725,0.7057543145492673,0.5481836125254631,0.3075755899772048,0.14118172135204077,0.3741420777514577,0.9687377754598856,0.9327054265886545,0.348102486692369
118,sobol,aligned10,0,-0.5715440239462327,-0.390717240715938,2.1983241321133957,2.301060612349293,2.8386597929611903,nan,nan,3.2549723982810974e-06,0,0,ok,,nan,nan,nan,nan,nan,nan,nan,nan,nan,nan,nan,nan,-0.004537589312473574,0.9965569092284069,0,0.03273333050310612,0.5096679702401161,0.8282813271507621,0.0029467251151800156,0.456581924110651,0.4371844381093979,0.852165337651968,0.18707856722176075,0.19492406211793423,0.6902391221374273,0.14453548938035965,0.9800945175811648,0.06511092092841864,0.9508002698421478,0.18673887848854065,0.9819043837487698,0.6799538554623723,0.31474554911255836,0.009842085652053356,0.7466556848958135,0.8954430492594838,0.14733165875077248,0.031258031725883484,0.9166508819907904,0.4135513426735997,0.28219493199139833,0.7352564707398415,0.6293497020378709,0.5853740889579058,0.17641076631844044,0.024989590048789978,0.40204382687807083,0.9363541007041931,0.8678274201229215,0.9869699021801353,0.30661845672875643,0.10073837637901306,0.014444798231124878,0.47754080407321453,0.6788539988920093,0.4124899376183748,0.8612045925110579,0.08620283659547567,0.8598806979134679,0.7048292485997081,0.914013683795929,0.27121814526617527,0.3536580940708518,0.582552564330399,0.9045762103050947,0.3569871764630079,0.009993351064622402,0.0975320665165782,0.5279143853113055,0.22824121825397015,0.13461178168654442,0.396593295969069,0.5348629225045443,0.709777845069766,0.18154503032565117,0.97980444598943,0.9898999389261007,0.19022382702678442,0.925784595310688,0.06470072362571955,0.15987548884004354,0.14267062488943338,0.5036164708435535,0.01969119720160961,0.1868743896484375,0.6020331270992756,0.8806838495656848,0.23309445288032293,0.2747113797813654,0.2009092289954424,0.26331166829913855,0.2608267432078719,0.12131818290799856,0.12305391672998667,0.06235969252884388,0.7414785213768482,0.4668536074459553,0.2808502670377493,0.26240631751716137,0.44660875853151083,0.12601493299007416,0.2154233232140541,0.44103780295699835,0.1742543475702405,0.08401902578771114,0.5778788924217224,0.5728197768330574,0.4917478524148464,0.218539010733366,0.24348130729049444,0.5716580413281918,0.04298290889710188,0.25901170540601015,0.33439207170158625,0.05020509008318186
119,sobol,aligned10,0,-1.360216723330895,-1.2968039307652568,2.1983241321133957,2.301060612349293,2.8386597929611903,nan,nan,3.2319221645593643e-06,0,0,ok,,nan,nan,nan,nan,nan,nan,nan,nan,nan,nan,nan,nan,-0.009302349267379112,0.9937097292740105,0,0.9833306754007936,0.28173277899622917,0.08249072637408972,0.6235866388306022,0.8923830930143595,0.5422648480162024,0.0860218545421958,0.535614631138742,0.905719175003469,0.0760072423145175,0.8134416677057743,0.3854875769466162,0.843138737604022,0.44609399419277906,0.93023821990937,0.2921234956011176,0.0853059571236372,0.5037074582651258,0.8737106723710895,0.3121623797342181,0.23373553529381752,0.5688994647935033,0.7471593013033271,0.2498990260064602,0.7506635058671236,0.9627813827246428,0.31972033996134996,0.01876222714781761,0.3474998325109482,0.6318109482526779,0.7382003758102655,0.7282460322603583,0.3245563851669431,0.1120998477563262,0.09823253098875284,0.5992786446586251,0.7806570865213871,0.6832230985164642,0.8429548209533095,0.4240720858797431,0.8269482618197799,0.02076310385018587,0.8921009358018637,0.3890187060460448,0.32487428933382034,0.2859417190775275,0.5906212152913213,0.5085112908855081,0.06934309657663107,0.19470554776489735,0.6373813981190324,0.8753303261473775,0.6336469938978553,0.15830580424517393,0.936907758936286,0.5179356215521693,0.7946026772260666,0.4097256129607558,0.3858306799083948,0.9016424557194114,0.3822530033066869,0.04440480004996061,0.7701590899378061,0.13348550908267498,0.8057692460715771,0.8011862188577652,0.7444967916235328,0.04684589244425297,0.6825424386188388,0.775802593678236,0.13500120770186186,0.46111907064914703,0.7248907946050167,0.8748828805983067,0.869325689971447,0.919826633296907,0.9278683895245194,0.5303374016657472,0.7146718688309193,0.6145718796178699,0.36563379783183336,0.8540569972246885,0.6352916788309813,0.8952610557898879,0.53008181322366,0.7605482563376427,0.717999110929668,0.5052646147087216,0.8900370169430971,0.7969602700322866,0.014552952721714973,0.05353382509201765,0.9079410471022129,0.9151596687734127,0.5704119317233562,0.33102291263639927,0.9914048602804542,0.5144313788041472,0.5000526504591107,0.832075615413487
120,sobol,aligned10,0,-1.175565052998758,-1.1466789429022068,2.1983241321133957,2.301060612349293,2.8386597929611903,nan,nan,3.387918695807457e-06,0,0,ok,,nan,nan,nan,nan,nan,nan,nan,nan,nan,nan,nan,nan,-0.020559969051241748,0.9971517172513297,0,0.8771557342261076,0.8832896770909429,0.7533184792846441,0.7533153565600514,0.29374175518751144,0.7296705907210708,0.7243852159008384,0.996054720133543,0.5163734816014767,0.561994893476367,0.7543405834585428,0.3602237245067954,0.7295541055500507,0.9060561526566744,0.425379135645926,0.5765091655775905,0.9434558367356658,0.0412156917154789,0.5068956399336457,0.6176235675811768,0.6847640490159392,0.3584480406716466,0.12359518557786942,0.6416503116488457,0.6413864549249411,0.386293294839561,0.3997872844338417,0.895400864072144,0.24077693279832602,0.21657809615135193,0.3067044587805867,0.5070669380947948,0.4953842554241419,0.32598535157740116,0.3510797955095768,0.3608750132843852,0.708885102532804,0.3412700491026044,0.1827722042798996,0.576474966481328,0.3040916193276644,0.71505306661129,0.7659778920933604,0.476042790338397,0.6585556464269757,0.7671674257144332,0.6627215873450041,0.4494910556823015,0.018522197380661964,0.10476634278893471,0.9859688589349389,0.6594891780987382,0.9967078510671854,0.4134115958586335,0.07177411578595638,0.755191532894969,0.5296099493280053,0.6473702155053616,0.5032976642251015,0.42367843072861433,0.03244504053145647,0.18144793901592493,0.4680307852104306,0.5539811365306377,0.15410838648676872,0.09877193346619606,0.7711550127714872,0.9807065818458796,0.7416394725441933,0.4916323572397232,0.23475418332964182,0.3290987201035023,0.7760928124189377,0.48479864187538624,0.5346227884292603,0.11608465574681759,0.44378205854445696,0.5715738665312529,0.5879870150238276,0.6378108197823167,0.009520801715552807,0.30727275274693966,0.7634750409051776,0.31596639659255743,0.5829090569168329,0.7474671313539147,0.4832023838534951,0.6395143205299973,0.3815542347729206,0.8606838313862681,0.7972129359841347,0.1482772883027792,0.7942070011049509,0.68949010130018,0.14331583119928837,0.8221070226281881,0.9202599432319403,0.12729057110846043,0.6315326346084476,0.6020236164331436
121,sobol,aligned10,0,0.33333436351508644,0.34167759209836845,2.1983241321133957,2.301060612349293,2.8386597929611903,nan,nan,3.3150427043437958e-06,0,0,ok,,nan,nan,nan,nan,nan,nan,nan,nan,nan,nan,nan,nan,-0.03010546561279147,0.9985129327988767,0,0.07556141633540392,0.15810392145067453,0.007039597257971764,0.3739473856985569,0.8579570408910513,0.37477485090494156,0.4583021365106106,0.3438584143295884,0.32047559786587954,0.1722461311146617,0.20363660715520382,0.7675737161189318,0.4911025511100888,0.40099865291267633,0.676020422950387,0.13282142579555511,0.2900654412806034,0.8551758723333478,0.3629977563396096,0.4328856524080038,0.44386891834437847,0.9368840493261814,0.6597707932814956,0.4417105782777071,0.053773694671690464,0.8618338331580162,0.5457840086892247,0.25354645401239395,0.9396535651758313,0.7339890468865633,0.9535394972190261,0.36445899680256844,0.7595715066418052,0.5699561759829521,0.7360777128487825,0.5447779512032866,0.4195809019729495,0.976690967567265,0.5127233797684312,0.32356654666364193,0.9685499435290694,0.4303424162790179,0.21250873990356922,0.7750615067780018,0.31180363707244396,0.39322861284017563,0.48419772926717997,0.6707347296178341,0.5014579743146896,0.7992477938532829,0.016122525557875633,0.29026800673455,0.27309144102036953,0.77524618152529,0.7808972727507353,0.40513207111507654,0.1619979813694954,0.272293814457953,0.34243495389819145,0.6440052092075348,0.5752174006775022,0.8448385410010815,0.5089642256498337,0.26168192364275455,0.9751812824979424,0.9872749922797084,0.37297359853982925,0.43793510273098946,0.08760781306773424,0.5804196558892727,0.5177229698747396,0.7626996776089072,0.267828362993896,0.8972309045493603,0.39550610817968845,0.7095661144703627,0.870467278175056,0.04138459265232086,0.2497956370934844,0.1949125975370407,0.8833666387945414,0.8888187520205975,0.14924130123108625,0.9643854554742575,0.37838778644800186,0.36590243224054575,0.9818129111081362,0.32046377938240767,0.6833353219553828,0.0227368650957942,0.36035565473139286,0.7300675930455327,0.37055745907127857,0.426630443893373,0.5346998507156968,0.08032795786857605,0.11466212011873722,0.8805129751563072,0.4539463659748435,0.26475415751338005
122,sobol,aligned10,0,0.8949137092601125,0.856820957582037,2.1983241321133957,2.301060612349293,2.8386597929611903,nan,nan,3.3099204301834106e-06,0,0,ok,,nan,nan,nan,nan,nan,nan,nan,nan,nan,nan,nan,nan,-0.027126450619940012,0.9949520259035841,0,0.4738912107422948,0.6515600606799126,0.7200907878577709,0.5061961002647877,0.6736729498952627,0.1546961460262537,0.8086839718744159,0.23222860507667065,0.12623548321425915,0.366289253346622,0.34625919442623854,0.7432849742472172,0.797278399579227,0.5207058470696211,0.7882154788821936,0.8918301537632942,0.24811799079179764,0.4108084188774228,0.11473847553133965,0.8992897626012564,0.9783665174618363,0.5575108882039785,0.27511175256222486,0.9513009143993258,0.8616058090701699,0.6596103683114052,0.013239158317446709,0.1175497891381383,0.26141069922596216,0.9452180033549666,0.07052511349320412,0.8510290393605828,0.06757182069122791,0.7659092750400305,0.8144199103116989,0.828561820089817,0.8210504939779639,0.14441069588065147,0.33486831188201904,0.9504001280292869,0.064930803142488,0.16083323676139116,0.6538884183391929,0.14721526112407446,0.09972698893398046,0.6545621026307344,0.9888227842748165,0.05998186580836773,0.879315810278058,0.6426386404782534,0.5445552421733737,0.9407911309972405,0.0024500563740730286,0.20331697817891836,0.48276531510055065,0.24038710165768862,0.8716527139768004,0.14194503519684076,0.05205479729920626,0.8086301237344742,0.35365024767816067,0.6986891711130738,0.8564209761098027,0.228720523416996,0.6665566628798842,0.6348909474909306,0.21909761428833008,0.08986746333539486,0.8740864498540759,0.8153080679476261,0.4247684022411704,0.7307064533233643,0.09736749343574047,0.5507836565375328,0.13876709062606096,0.7727308785542846,0.028647630475461483,0.7607169719412923,0.9669736288487911,0.2912076208740473,0.6492851255461574,0.7155470084398985,0.7341323010623455,0.01138707622885704,0.10096823889762163,0.1883352417498827,0.5122003555297852,0.9926477894186974,0.07258970011025667,0.47203955706208944,0.6544289626181126,0.9639628315344453,0.5920966817066073,0.8381391642615199,0.9689270565286279,0.6364143965765834,0.2875569351017475,0.33143483754247427,0.8102209754288197,0.08596697635948658
123,sobol,aligned10,0,0.7146434680158475,0.5871259129091699,2.1983241321133957,2.301060612349293,2.8386597929611903,nan,nan,3.3641699701547623e-06,0,0,ok,,nan,nan,nan,nan,nan,nan,nan,nan,nan,nan,nan,nan,-0.01963018915750056,0.9943525463530476,0,0.5411733519285917,0.4244781695306301,0.4736936502158642,0.12091560382395983,0.23786061257123947,0.7602637456730008,0.012328110635280609,0.6153754396364093,0.9625746523961425,0.9922422673553228,0.678123532794416,0.1486781621351838,0.044533053413033485,0.0159974517300725,0.03177573252469301,0.33533407282084227,0.5166512681171298,0.7238072939217091,0.7517243809998035,0.08976498246192932,0.14300420880317688,0.22921626176685095,0.9420306347310543,0.15174417290836573,0.4586148988455534,0.08827232103794813,0.931691269390285,0.7335076406598091,0.5616056649014354,0.48997234273701906,0.6584918480366468,0.02098124288022518,0.6794226532801986,0.025539521127939224,0.21072540245950222,0.011848445981740952,0.047371174208819866,0.5377967022359371,0.9695139015093446,0.1954947067424655,0.6668300200253725,0.9376679416745901,0.33234993927180767,0.6019359128549695,0.9951622225344181,0.028790784068405628,0.18553183507174253,0.8437255173921585,0.3983233794569969,0.4483871590346098,0.4499373100697994,0.07148703467100859,0.7280577309429646,0.6081435596570373,0.6802011784166098,0.6070636156946421,0.44446697644889355,0.7669908590614796,0.8520923862233758,0.0299351392313838,0.7559805791825056,0.26918428018689156,0.18221669644117355,0.9594926070421934,0.4549205098301172,0.2792838392779231,0.632927929982543,0.6096587255597115,0.4549143146723509,0.2264094427227974,0.8287997543811798,0.1735847843810916,0.6047888966277242,0.08073469065129757,0.8062260216102004,0.42871227767318487,0.656619162298739,0.3533456651493907,0.37108415458351374,0.8444641856476665,0.27533201314508915,0.10178922489285469,0.36999011412262917,0.6441741036251187,0.9228295972570777,0.8233559522777796,0.01545152347534895,0.06104979105293751,0.8665716964751482,0.6301311468705535,0.2182431872934103,0.41342836804687977,0.008275571279227734,0.04354110639542341,0.3294957149773836,0.3907743291929364,0.7473304346203804,0.5826373593881726,0.10527700185775757,0.8119084518402815
124,sobol,aligned10,0,-0.2529445739693265,-0.23953611009619996,2.1983241321133957,2.301060612349293,2.8386597929611903,nan,nan,3.264984115958214e-06,0,0,ok,,nan,nan,nan,nan,nan,nan,nan,nan,nan,nan,nan,nan,-0.01370862740610259,0.9925100921270698,0,0.6877308618277311,0.5876585971564054,0.18474289122968912,0.13423333503305912,0.08069223817437887,0.6124016419053078,0.9386234479025006,0.09171889070421457,0.08925454784184694,0.027717117220163345,0.3982199439778924,0.011051420122385025,0.8840025532990694,0.3191977897658944,0.20512298960238695,0.42039618734270334,0.7294776327908039,0.5976285636425018,0.1573671940714121,0.6377719566226006,0.5168835306540132,0.4049358358606696,0.4844277333468199,0.08198202401399612,0.2591812452301383,0.5879000062122941,0.17679422441869974,0.4629350695759058,0.030617663636803627,0.04733874648809433,0.20309850946068764,0.654497834853828,0.6116930805146694,0.9970693420618773,0.5484929140657187,0.6338952230289578,0.30458915885537863,0.7115608723834157,0.427128660492599,0.12223172094672918,0.5885394150391221,0.34453193470835686,0.970354599878192,0.6485899724066257,0.2385219382122159,0.9678309867158532,0.32231161650270224,0.2959546437487006,0.16986978612840176,0.2938697375357151,0.8043315578252077,0.24407053366303444,0.7846165839582682,0.11993707157671452,0.9735488668084145,0.6675837356597185,0.36029877979308367,0.9889882579445839,0.16799357254058123,0.9447541255503893,0.1426890417933464,0.4595083398744464,0.9704544954001904,0.6688378155231476,0.3541345093399286,0.8415602305904031,0.0008608363568782806,0.2950159767642617,0.949032167904079,0.285828604362905,0.6750236246734858,0.3920855987817049,0.17946602124720812,0.6450174879282713,0.9946873299777508,0.13056853599846363,0.5377919375896454,0.41570198256522417,0.7806056831032038,0.4168545613065362,0.16634917724877596,0.23965858668088913,0.04488862492144108,0.17346027120947838,0.3156800428405404,0.6108833570033312,0.8163626221939921,0.5663170013576746,0.990420182235539,0.5192293534055352,0.09058321733027697,0.520224361680448,0.4340259153395891,0.3113635405898094,0.09807497542351484,0.9493667790666223,0.21176724415272474,0.8288736641407013,0.978976858779788,0.1831997549161315
125,sobol,aligned10,0,-0.5955156747485243,-0.6819887519476955,2.1983241321133957,2.301060612349293,2.8386597929611903,nan,nan,3.2850075513124466e-06,0,0,ok,,nan,nan,nan,nan,nan,nan,nan,nan,nan,nan,nan,nan,-0.015622514978608382,0.9887617915603715,0,0.26497794408351183,0.3597250673919916,0.9311436051502824,0.7392482636496425,0.516502701677382,0.4765141671523452,0.23601762019097805,0.6933675073087215,0.7534618340432644,0.6440247977152467,0.5656175436452031,0.6039493763819337,0.14528027456253767,0.815954240038991,0.9586330484598875,0.851709047332406,0.005750841461122036,0.28369124326854944,0.958613695576787,0.3262945394963026,0.35448719561100006,0.8271063473075628,0.7940391609445214,0.7565311212092638,0.920597568154335,0.15926593728363514,0.7524809502065182,0.8254775842651725,0.7928487882018089,0.5020976755768061,0.5366406124085188,0.48069997504353523,0.12581142131239176,0.24079209193587303,0.4136621505022049,0.45828498993068933,0.5777792362496257,0.10738804657012224,0.7532303277403116,0.86737150978297,0.17383704707026482,0.5042173182591796,0.03944308962672949,0.10056119970977306,0.8526993226259947,0.34003361873328686,0.5034101754426956,0.5757934460416436,0.6860163323581219,0.6150128468871117,0.2094766991212964,0.8627949636429548,0.4457672294229269,0.691771337762475,0.17403151094913483,0.04694007057696581,0.9484976418316364,0.1137898238375783,0.9860904747620225,0.2243784675374627,0.7481750845909119,0.5140132512897253,0.054505580104887486,0.39094302617013454,0.5175524717196822,0.19737899862229824,0.6021911446005106,0.752277328632772,0.34867329709231853,0.6264943806454539,0.07958975899964571,0.9497090363875031,0.6867541503161192,0.23713603615760803,0.07521422766149044,0.5370687339454889,0.1518855970352888,0.9477838007733226,0.432144901715219,0.9690647199749947,0.7924571298062801,0.5643700677901506,0.9305785913020372,0.5406073974445462,0.6453844783827662,0.49443171359598637,0.31283697485923767,0.37995870411396027,0.1984665859490633,0.36492757592350245,0.5289015313610435,0.10249863937497139,0.9787854198366404,0.5703171566128731,0.7081489115953445,0.2106394236907363,0.753818049095571,0.08517846651375294,0.1837149504572153,0.9658045871183276
126,sobol,aligned10,0,1.2548303344755982,1.2428229361538723,2.1983241321133957,2.301060612349293,2.8386597929611903,nan,nan,3.278953954577446e-06,0,0,ok,,nan,nan,nan,nan,nan,nan,nan,nan,nan,nan,nan,nan,-0.020224841643448985,0.9861736311398711,0,0.1633687736466527,0.8228023899719119,0.34286374133080244,0.3869978515431285,0.9528696173802018,0.0062218355014920235,0.5243686893954873,0.8240475608035922,0.6981291985139251,0.832088247872889,0.9854999557137489,0.8775057634338737,0.5803773971274495,0.1993601294234395,0.5690789390355349,0.11047293432056904,0.4560232562944293,0.9818352768197656,0.7063807835802436,0.8571517150849104,0.818007624708116,0.6985411234200001,0.14766137767583132,0.2625658018514514,0.23038329929113388,0.36219375021755695,0.2831070115789771,0.5534311626106501,0.4711731933057308,0.7913515260443091,0.43541732151061296,0.9985200176015496,0.9493718929588795,0.4076924491673708,0.02330823428928852,0.16491864435374737,0.16675836499780416,0.7716938443481922,0.086601915769279,0.4983541239053011,0.7965884320437908,0.7737248251214623,0.6058837790042162,0.9784531937912107,0.5473543098196387,0.5789748318493366,0.023565401323139668,0.2169274566695094,0.8080386947840452,0.9586341846734285,0.7300891950726509,0.40027716383337975,0.21612633019685745,0.26339634135365486,0.5662111937999725,0.33680711034685373,0.017771671526134014,0.4873482482507825,0.6505553275346756,0.32298629079014063,0.4619411854073405,0.9103433368727565,0.33009425178170204,0.11090350523591042,0.8416804978623986,0.4245808878913522,0.9893307853490114,0.6544218780472875,0.566100187599659,0.8918386651203036,0.9860095791518688,0.5446775313466787,0.9519412247464061,0.32818927243351936,0.3358289757743478,0.9728236822411418,0.9975964743643999,0.22863025777041912,0.6517335437238216,0.513641344383359,0.5578253464773297,0.7690005302429199,0.45310710091143847,0.4938742807134986,0.8601209279149771,0.07443848345428705,0.15749471075832844,0.802051137201488,0.5574432350695133,0.1266844319179654,0.4870450207963586,0.33640532195568085,0.20261866133660078,0.16271406039595604,0.7719833329319954,0.5139182396233082,0.5790569642558694,0.6269514681771398,0.5794754633679986,0.636626903899014
127,sobol,aligned10,0,-0.09289026557139542,-0.09456458991066996,2.1983241321133957,2.301060612349293,2.8386597929611903,nan,nan,3.372086212038994e-06,0,0,ok,,nan,nan,nan,nan,nan,nan,nan,nan,nan,nan,nan,nan,-0.010185037107078536,0.9887270376107136,0,0.8516874443739653,0.09675738122314215,0.5891385702416301,0.9860845152288675,0.3886562054976821,0.8932694587856531,0.28953552432358265,0.4533488880842924,0.39262613467872143,0.4639441631734371,0.03693056479096413,0.4723528940230608,0.32787273451685905,0.6967440377920866,0.31355483923107386,0.6789776841178536,0.8104567751288414,0.16882874071598053,0.4139993553981185,0.17046018689870834,0.06062534265220165,0.026480999775230885,0.5723944250494242,0.58751314971596,0.5744570260867476,0.8866806412115693,0.6468700710684061,0.15816093888133764,0.709722651168704,0.27345455903559923,0.8355793124064803,0.13716213963925838,0.3111695507541299,0.6670824885368347,0.8768355883657932,0.9889643732458353,0.9555733231827617,0.40955593064427376,0.7329171393066645,0.7454031761735678,0.44444521609693766,0.12191062606871128,0.41178766172379255,0.2726511051878333,0.4193448908627033,0.2069094879552722,0.8294085878878832,0.9342662813141942,0.28994450345635414,0.1372601818293333,0.260495170019567,0.5191016849130392,0.5530606992542744,0.9250210709869862,0.2705705389380455,0.9408337231725454,0.6655364353209734,0.6125161051750183,0.4452366717159748,0.6016319263726473,0.9269850803539157,0.1219527255743742,0.6293130973353982,0.8253182787448168,0.03781897947192192,0.5362285729497671,0.40364937856793404,0.17424230556935072,0.23185084480792284,0.05081882234662771,0.2694506673142314,0.10962521750479937,0.443543016910553,0.8034530524164438,0.7191473348066211,0.31682393979281187,0.3132205866277218,0.6339878588914871,0.06123018357902765,0.06981879007071257,0.4317321889102459,0.4140313509851694,0.5887665497139096,0.8454027231782675,0.16344261541962624,0.9453076804056764,0.6590978661552072,0.238005087710917,0.2576599149033427,0.9762225048616529,0.9256683913990855,0.7853792561218143,0.6497067166492343,0.9534060768783092,0.4138639820739627,0.2713299859315157,0.3864943506196141,0.38087017741054296,0.25685562659054995,0.4809750849381089
128,sobol,aligned10,0,-0.35002361676362637,-0.32610021339680856,2.1983241321133957,2.301060612349293,2.8386597929611903,nan,nan,3.4009572118520737e-06,0,0,ok,,nan,nan,nan,nan,nan,nan,nan,nan,nan,nan,nan,nan,-0.010831171704456001,0.9848841674782668,0,0.8558989418670535,0.7315641026943922,0.16880660597234964,0.49233315233141184,0.9204683396965265,0.26204372849315405,0.8028793008998036,0.3234969610348344,0.18774703610688448,0.10383280925452709,0.21266991272568703,0.32771723065525293,0.39297808334231377,0.026298629119992256,0.5155074838548899,0.10010157525539398,0.5132113583385944,0.4035119768232107,0.585202724672854,0.32248534727841616,0.2676899032667279,0.2704401034861803,0.17439323011785746,0.6943599469959736,0.13545200042426586,0.23307652864605188,0.35340294893831015,0.6433213111013174,0.13645376451313496,0.2684115841984749,0.4965282380580902,0.05725082289427519,0.7438499964773655,0.3465696070343256,0.06222163140773773,0.43008007016032934,0.7591763082891703,0.5801032111048698,0.9760148292407393,0.1774423522874713,0.4731271658092737,0.1308693652972579,0.016266684979200363,0.6851688856258988,0.5938481632620096,0.6896556075662374,0.5230623660609126,0.9480249974876642,0.5066224075853825,0.8743112208321691,0.19097618851810694,0.15651345811784267,0.19914570823311806,0.4022741997614503,0.28834456764161587,0.9649403365328908,0.8526039440184832,0.7957509746775031,0.8667868571355939,0.6114105358719826,0.481967750005424,0.6177049642428756,0.7107525207102299,0.7109273122623563,0.7443597866222262,0.8640238288789988,0.394264274276793,0.9259154731407762,0.5221028178930283,0.5501682618632913,0.01696474477648735,0.3009793935343623,0.5563187301158905,0.41313900239765644,0.01083499938249588,0.3399570221081376,0.5268424041569233,0.2658802857622504,0.6060143690556288,0.798162929713726,0.40492788702249527,0.811082704924047,0.7711177049204707,0.9097435222938657,0.33904428500682116,0.6971184741705656,0.9331460613757372,0.12742341868579388,0.12881960067898035,0.19198342505842447,0.8993500862270594,0.3311247229576111,0.4269974874332547,0.7566587803885341,0.5755580607801676,0.7212250744923949,0.13561301864683628,0.2184493625536561,0.8140292419120669,0.033927470445632935
129,sobol,aligned10,0,0.7392416154978362,0.5834999201532859,2.1983241321133957,2.301060612349293,2.8386597929611903,nan,nan,3.3190008252859116e-06,0,0,ok,,nan,nan,nan,nan,nan,nan,nan,nan,nan,nan,nan,nan,-0.013460570503364301,0.981510278397119,0,0.15927936881780624,0.44192426837980747,0.9145933920517564,0.8805509656667709,0.4812380261719227,0.6491663157939911,0.006522757932543755,0.9537788443267345,0.8991020731627941,0.7239149985834956,0.762885607779026,0.795615192502737,0.640241471119225,0.5309917340055108,0.25809129420667887,0.65708630066365,0.22128636296838522,0.7155359601601958,0.28468864504247904,0.6338411746546626,0.6031879000365734,0.9421302182599902,0.6088921334594488,0.3928424697369337,0.5443268129602075,0.5231912825256586,0.7171692866832018,0.005373152904212475,0.9365242719650269,0.7817613128572702,0.7715376261621714,0.8208914808928967,0.010958881117403507,0.6021067127585411,0.9155584927648306,0.7228606594726443,0.11049997620284557,0.2259020134806633,0.3294662069529295,0.9225197127088904,0.7625244846567512,0.9713132344186306,0.9623386980965734,0.06568363588303328,0.4971184888854623,0.06352149788290262,0.3426983691751957,0.1643882878124714,0.02075694315135479,0.03748579416424036,0.783863028511405,0.7911690138280392,0.5321403965353966,0.7865094030275941,0.6109595876187086,0.31989784725010395,0.4556955797597766,0.17079664207994938,0.04132764134556055,0.328839342109859,0.8766650510951877,0.4065838102251291,0.2515911916270852,0.4797891406342387,0.37635054253041744,0.2217975677922368,0.9960913946852088,0.39886272605508566,0.18008263874799013,0.3968837531283498,0.7374025909230113,0.8533232882618904,0.04816466849297285,0.939092006534338,0.9341581035405397,0.9964415291324258,0.16239012219011784,0.862705142237246,0.19664070289582014,0.3709447840228677,0.5308074215427041,0.38482384849339724,0.12549283634871244,0.3081994615495205,0.6373916706070304,0.31456867419183254,0.4298339197412133,0.816895354539156,0.9364135172218084,0.9087219620123506,0.4626111760735512,0.7962133092805743,0.9717146130278707,0.10940030496567488,0.24617836717516184,0.49328519497066736,0.8300142344087362,0.9612291557714343,0.02340622153133154,0.8182323835790157
130,sobol,aligned10,0,-0.834182159475391,-0.7724832228848767,2.1983241321133957,2.301060612349293,2.8386597929611903,nan,nan,3.4759286791086197e-06,0,0,ok,,nan,nan,nan,nan,nan,nan,nan,nan,nan,nan,nan,nan,-0.007670553687970452,0.9799370288002127,0,0.2607665881514549,0.9983548326417804,0.32703092973679304,0.24717500805854797,0.05036427453160286,0.8682379443198442,0.7343422109261155,0.5912870271131396,0.5798612898215652,0.7834327919408679,0.6866692723706365,0.6936829928308725,0.07135528605431318,0.39068892411887646,0.15169647801667452,0.4315281016752124,0.3022944135591388,0.019213593564927578,0.03643328323960304,0.16658263187855482,0.06930323969572783,0.5635047340765595,0.4586695749312639,0.8986029541119933,0.3517941618338227,0.9436455313116312,0.247120619751513,0.37353462539613247,0.3658277429640293,0.5087733408436179,0.13900330010801554,0.33871203009039164,0.8200850300490856,0.8119153287261724,0.5251511670649052,0.9000141955912113,0.6447794381529093,0.9029047945514321,0.5104959821328521,0.30350384674966335,0.14198878314346075,0.7485550437122583,0.40368783473968506,0.9495418593287468,0.16050347685813904,0.8260680017992854,0.8180546769872308,0.5585157927125692,0.3909459225833416,0.3808725429698825,0.28095034789294004,0.43778589181602,0.8025451507419348,0.23099817987531424,0.12539262883365154,0.04627116583287716,0.5115417130291462,0.29044881649315357,0.31419118493795395,0.24977424275130033,0.1626700684428215,0.010009645484387875,0.09810416027903557,0.010308117605745792,0.20066143572330475,0.40212267078459263,0.599886110983789,0.004010205157101154,0.9050399838015437,0.13165724743157625,0.3318259511142969,0.6337390011176467,0.31313992850482464,0.5970545783638954,0.6625539259985089,0.560079924762249,0.9377730395644903,0.08197451755404472,0.9772647395730019,0.14696330856531858,0.765398196876049,0.2114929175004363,0.741775143891573,0.7301881667226553,0.852219695225358,0.23869178909808397,0.08712958078831434,0.48913274612277746,0.3271926939487457,0.5845871241763234,0.5533029492944479,0.5311176618561149,0.19356099143624306,0.6548809027299285,0.3121952870860696,0.7821599263697863,0.5028836652636528,0.26420167461037636,0.7446672506630421,0.5183209348469973
131,sobol,aligned10,0,-0.24738084433519317,-0.4174045550372806,2.1983241321133957,2.301060612349293,2.8386597929611903,nan,nan,3.3730175346136093e-06,0,0,ok,,nan,nan,nan,nan,nan,nan,nan,nan,nan,nan,nan,nan,-0.013979802587111068,0.978836598036353,0,0.6918201697990298,0.21072511281818151,0.5729436008259654,0.6255587870255113,0.6111615989357233,0.2323966147378087,0.46825976110994816,0.1939238291233778,0.2589487563818693,0.41909373365342617,0.35529321525245905,0.16353013273328543,0.8328969646245241,0.8957616509869695,0.9033144470304251,0.87472815066576,0.9634515270590782,0.830245753750205,0.8300354145467281,0.8531516091898084,0.8098152596503496,0.14192548394203186,0.7585151614621282,0.20059346873313189,0.9530461635440588,0.3118893215432763,0.8228107430040836,0.9777737287804484,0.5645799245685339,0.05727991182357073,0.5978200761601329,0.539914621040225,0.42706013564020395,0.05180058255791664,0.39061771519482136,0.19316934049129486,0.48047798685729504,0.2907995441928506,0.18414518050849438,0.5506125260144472,0.6189490053802729,0.40048323664814234,0.582669229246676,0.29935753531754017,0.8059620363637805,0.4520038180053234,0.012458255514502525,0.337379090487957,0.8787742909044027,0.717936254106462,0.7486068718135357,0.5724175609648228,0.4675744567066431,0.5800999021157622,0.9596949126571417,0.6766802305355668,0.17224612552672625,0.6653725719079375,0.5278183184564114,0.9662248119711876,0.6979311108589172,0.9559929389506578,0.9239348107948899,0.8029736643657088,0.9278613897040486,0.5118189575150609,0.013724938966333866,0.5393947316333652,0.2969027664512396,0.7850602651014924,0.9233882473781705,0.20805558189749718,0.8206721963360906,0.00567237101495266,0.2675749799236655,0.1540643721818924,0.3725074604153633,0.5477111507207155,0.32560442853718996,0.7157778758555651,0.13956490252166986,0.6055399896577001,0.3462418280541897,0.11302614118903875,0.18671532720327377,0.87468231189996,0.5884579569101334,0.5489665465429425,0.6113357013091445,0.2973682703450322,0.11699116602540016,0.09728086367249489,0.6406370662152767,0.47686082776635885,0.8896223027259111,0.058081064373254776,0.4626562036573887,0.509245490655303,0.41887331008911133,0.3648755382746458
132,sobol,aligned10,0,0.0017616854961122128,-0.018602889252199502,2.1983241321133957,2.301060612349293,2.8386597929611903,nan,nan,3.3369287848472595e-06,0,0,ok,,nan,nan,nan,nan,nan,nan,nan,nan,nan,nan,nan,nan,-0.01574799229732381,0.9753318222060402,0,0.54538484942168,0.8092083008959889,0.768140634521842,0.611538914963603,0.703999032266438,0.3949074447154999,0.5183343952521682,0.7317982278764248,0.6366023533046246,0.57156877592206,0.5726968040689826,0.050882214680314064,0.234676668420434,0.6913790861144662,0.8578964155167341,0.8814896736294031,0.7826009010896087,0.9580037910491228,0.2354282308369875,0.4368891539052129,0.4359376234933734,0.4738931506872177,0.3086788346990943,0.005834881216287613,0.7686262046918273,0.8117430312559009,0.06790988706052303,0.21500590536743402,0.09612488653510809,0.49940983951091766,0.009370141662657261,0.15975889097899199,0.36002530343830585,0.9568615090101957,0.8531429935246706,0.5634308541193604,0.2298822719603777,0.460754856467247,0.7277602292597294,0.6316768135875463,0.6344706127420068,0.8075894666835666,0.22003206703811884,0.4402344701811671,0.05320278741419315,0.512383759021759,0.4953073803335428,0.7905837511643767,0.6814466342329979,0.5555443586781621,0.005417348816990852,0.745092655532062,0.019770238548517227,0.06875733472406864,0.6355784758925438,0.6121318051591516,0.007512001320719719,0.5747383637353778,0.4618532359600067,0.004520305432379246,0.34245542250573635,0.7732067378237844,0.2277303757146001,0.5745556736364961,0.7630228074267507,0.07436810340732336,0.631782571785152,0.3652567286044359,0.7911276696249843,0.7192438673228025,0.5800980171188712,0.4899380700662732,0.39534946996718645,0.6905424874275923,0.4559447206556797,0.42132793087512255,0.4957301700487733,0.7350064031779766,0.7907766681164503,0.02204972505569458,0.30986703746020794,0.7355987438932061,0.052386509254574776,0.5795933958142996,0.5747444834560156,0.5676041068509221,0.2721659988164902,0.07744988519698381,0.7377313822507858,0.41253870259970427,0.23873312678188086,0.9535596007481217,0.7851983280852437,0.24419468268752098,0.6835467992350459,0.6010453850030899,0.9964570989832282,0.7628670809790492,0.5442827474325895,0.735709018073976
133,sobol,aligned10,0,0.7631817478730585,0.8531592712128478,2.1983241321133957,2.301060612349293,2.8386597929611903,nan,nan,3.4980475902557373e-06,0,0,ok,,nan,nan,nan,nan,nan,nan,nan,nan,nan,nan,nan,nan,-0.015616340584591206,0.9716594202565993,0,0.46980180591344833,0.020728849805891514,0.022232016548514366,0.01537430938333273,0.14320359658449888,0.5005211969837546,0.2835020311176777,0.11592549923807383,0.4561139391735196,0.19367813412100077,0.4048109231516719,0.5832322156056762,0.9821652425453067,0.19401040859520435,0.10334875900298357,0.3134728455916047,0.4516506530344486,0.1459721503779292,0.8805468175560236,0.6215054793283343,0.693180875852704,0.801848285831511,0.9697380810976028,0.828836752101779,0.42653394490480423,0.4435328394174576,0.9863662300631404,0.5736421681940556,0.8347940267995,0.9504136759787798,0.7225503949448466,0.9547115378081799,0.8770805513486266,0.21263905987143517,0.24963945522904396,0.2779826195910573,0.8936964031308889,0.8462079614400864,0.09285740274935961,0.3787087518721819,0.09482930973172188,0.09218516945838928,0.7896401882171631,0.808664926327765,0.9174187192693353,0.1401997795328498,0.6740727545693517,0.0733518386259675,0.16627665050327778,0.3454943159595132,0.9733261810615659,0.35994225833564997,0.7492488250136375,0.743069389835,0.4648808538913727,0.22787742130458355,0.6836010133847594,0.44990613870322704,0.6300935186445713,0.7871632669121027,0.7993781249970198,0.20222339034080505,0.8118771836161613,0.36026333179324865,0.11529020965099335,0.9648262485861778,0.23312140721827745,0.8381711803376675,0.37973340414464474,0.31807911582291126,0.17213308811187744,0.914353234693408,0.9025267343968153,0.16180868446826935,0.5990315955132246,0.764854614622891,0.8189305579289794,0.1441024113446474,0.3867891160771251,0.5899556959047914,0.6839727377519011,0.06813039910048246,0.906960004940629,0.1968212714418769,0.4014581926167011,0.452137534506619,0.7706238208338618,0.8844775324687362,0.4515599822625518,0.6879263622686267,0.6769406916573644,0.4181565511971712,0.36156064737588167,0.8875466398894787,0.010477185249328613,0.372006943449378,0.03850692790001631,0.010560081340372562,0.3703588489443064,0.3967242790386081
134,sobol,aligned10,0,-0.3016998136448907,-0.2652363628190004,2.1983241321133957,2.301060612349293,2.8386597929611903,nan,nan,3.302004188299179e-06,0,0,ok,,nan,nan,nan,nan,nan,nan,nan,nan,nan,nan,nan,nan,-0.009804414551325165,0.9703447225552144,0,0.07135006040334702,0.5468082502484322,0.7350230924785137,0.8662495231255889,0.32614491414278746,0.9698674799874425,0.9483217326924205,0.49549893848598003,0.025781972333788872,0.2511225054040551,0.04352225922048092,0.9354084888473153,0.29220033157616854,0.8213125439360738,0.4949150988832116,0.587672189809382,0.024817653000354767,0.5882585970684886,0.6283178245648742,0.09370000194758177,0.2290508495643735,0.6725353850051761,0.08904678001999855,0.33870125468820333,0.7359539270401001,0.02328893542289734,0.45448847115039825,0.7974531063809991,0.4055768633261323,0.7238954221829772,0.37084704637527466,0.44128208700567484,0.20201861299574375,0.3890004027634859,0.3280350621789694,0.09478661604225636,0.36548921652138233,0.02467965427786112,0.7548480220139027,0.7555410517379642,0.996751207858324,0.3149378802627325,0.35605038423091173,0.1748219896107912,0.7365435212850571,0.878416140563786,0.165147103369236,0.7115565789863467,0.2962074726819992,0.18911978136748075,0.46259333938360214,0.9013307122513652,0.9786228146404028,0.2979102022945881,0.7948616296052933,0.37662617303431034,0.34906644374132156,0.07346360944211483,0.98326734919101,0.6342227999120951,0.021204677410423756,0.34910512436181307,0.5884124981239438,0.14176632184535265,0.30672686360776424,0.6593151828274131,0.3623067485168576,0.6935947518795729,0.6586820632219315,0.08306529559195042,0.7661749804392457,0.5717287370935082,0.7322774408385158,0.25727174058556557,0.8745725387707353,0.702059518545866,0.03184391092509031,0.9248898020014167,0.6698848381638527,0.9235540507361293,0.9181372206658125,0.2728162342682481,0.46060480643063784,0.7750447141006589,0.12406912539154291,0.11770988814532757,0.7382829794660211,0.3065623603761196,0.8120614299550653,0.8012458076700568,0.337937387637794,0.15307234786450863,0.5849648974835873,0.34597297757864,0.44639863818883896,0.9112478839233518,0.3637197585776448,0.7149308603256941,0.8967384109273553,0.18860982824116945
135,sobol,aligned10,0,0.5637439977464099,0.5030090134155705,2.1983241321133957,2.301060612349293,2.8386597929611903,nan,nan,3.4410040825605392e-06,0,0,ok,,nan,nan,nan,nan,nan,nan,nan,nan,nan,nan,nan,nan,-0.011966602692758984,0.9670681227312707,0,0.8812450421974063,0.2563110701739788,0.48923273012042046,0.2602656614035368,0.76537333894521,0.11504671163856983,0.2457151561975479,0.8442906988784671,0.81497339066118,0.888903122395277,0.9925799313932657,0.4658016823232174,0.5534867830574512,0.3245408069342375,0.7474484760314226,0.15587045438587666,0.7406861735507846,0.27724929340183735,0.4920643409714103,0.9031022312119603,0.8918269537389278,0.09472115524113178,0.6310820085927844,0.5152263762429357,0.08426678087562323,0.7332073403522372,0.6004895465448499,0.4139016307890415,0.6679276777431369,0.21005490887910128,0.8923464957624674,0.6736726891249418,0.5589252999052405,0.6291334927082062,0.712735190987587,0.8099241759628057,0.513678228482604,0.6680368119850755,0.42465629894286394,0.0006980737671256065,0.2695469269528985,0.5379729690030217,0.6614956669509411,0.5760305300354958,0.3585717333480716,0.25024924613535404,0.9691683342680335,0.4318246589973569,0.8094188515096903,0.89893055614084,0.5552432527765632,0.016217553056776524,0.2510744724422693,0.8901372440159321,0.12028733640909195,0.7755139814689755,0.9675348112359643,0.9482652572914958,0.17490602377802134,0.4178444677963853,0.6186910020187497,0.6852263137698174,0.38759736716747284,0.9195394022390246,0.5637736571952701,0.3017570301890373,0.7766338614746928,0.22895008325576782,0.01242076326161623,0.9845921900123358,0.4871471282094717,0.02006971277296543,0.22376884520053864,0.8455753717571497,0.1953290132805705,0.10808626189827919,0.6539868609979749,0.4533552834764123,0.007955123670399189,0.4953052345663309,0.04395569022744894,0.9100268809124827,0.5651477845385671,0.37664126977324486,0.9146344689652324,0.9876092430204153,0.24186971969902515,0.7490845378488302,0.002469753846526146,0.08046926464885473,0.7766943881288171,0.7197195561602712,0.0011862851679325104,0.5200865343213081,0.8675136668607593,0.1860703257843852,0.6711561689153314,0.4647658132016659,0.18764384556561708,0.9123600805178285
136,sobol,aligned10,0,-0.5088773859653912,-0.509878142978814,2.1983241321133957,2.301060612349293,2.8386597929611903,nan,nan,3.6570709198713303e-06,0,0,ok,,nan,nan,nan,nan,nan,nan,nan,nan,nan,nan,nan,nan,-0.007733436513059215,0.9647607422355837,0,0.9792412780225277,0.9203717829659581,0.6600530939176679,0.11662083491683006,0.42453186865895987,0.1773965898901224,0.568664088845253,0.6865246295928955,0.700411070138216,0.4966578418388963,0.934455368667841,0.2876896904781461,0.8774824868887663,0.7766938051208854,0.24062315374612808,0.9950199406594038,0.35078941471874714,0.7989222435280681,0.1391528071835637,0.21394339762628078,0.44074062909930944,0.8217697311192751,0.005503471940755844,0.09521008376032114,0.4434831840917468,0.184321453794837,0.6805559545755386,0.5312510328367352,0.8112106136977673,0.6368693010881543,0.0861556651070714,0.5930885840207338,0.6360184103250504,0.9328566463664174,0.9636274399235845,0.04051480069756508,0.9418974192813039,0.32322270795702934,0.584832051768899,0.9968508649617434,0.8571026511490345,0.23397185653448105,0.5356500828638673,0.5361017445102334,0.6268114503473043,0.8018528092652559,0.7754139266908169,0.6237810160964727,0.8527176445350051,0.801416308619082,0.8179847067221999,0.300403174944222,0.11463762726634741,0.6355575229972601,0.8879051581025124,0.512867160141468,0.7316863983869553,0.24841748923063278,0.8080361587926745,0.8762798504903913,0.9686210649088025,0.5401572156697512,0.8193423887714744,0.26799399498850107,0.4742160690948367,0.5993103198707104,0.7389568854123354,0.7907405197620392,0.06361470185220242,0.27855456806719303,0.38333161547780037,0.1527023296803236,0.27521705254912376,0.4827299229800701,0.39184951316565275,0.9273368017747998,0.23231254611164331,0.3812492247670889,0.13470015954226255,0.2534078434109688,0.33089397195726633,0.4882442010566592,0.9433120712637901,0.8345865942537785,0.9714285247027874,0.5048026135191321,0.9437065348029137,0.6139250639826059,0.5110648274421692,0.01870645023882389,0.03703177999705076,0.5644292160868645,0.13846277631819248,0.8745412258431315,0.40874843019992113,0.661777495406568,0.7403940334916115,0.8354072133079171,0.06893929373472929,0.6505850665271282
137,sobol,aligned10,0,-0.1566769304882141,-0.09494932826466451,2.1983241321133957,2.301060612349293,2.8386597929611903,nan,nan,3.4598633646965027e-06,0,0,ok,,nan,nan,nan,nan,nan,nan,nan,nan,nan,nan,nan,nan,-0.011391421545557988,0.962179397692916,0,0.03694483544677496,0.13274038676172495,0.4137744503095746,0.5106295691803098,0.9853461170569062,0.7825214462354779,0.36599722784012556,0.03604887891560793,0.39632600266486406,0.8628273494541645,0.101646788418293,0.8200398162007332,0.1557365944609046,0.27932676300406456,0.9861366553232074,0.3093137415125966,0.8829763540998101,0.1129146683961153,0.9948887126520276,0.7735892832279205,0.6805681195110083,0.399587775580585,0.7116393325850368,0.8010168103501201,0.8456711061298847,0.5680319489911199,0.2650165455415845,0.17896313965320587,0.009854553267359734,0.18601611908525229,0.6740918671712279,0.29429123271256685,0.11890970636159182,0.17316926922649145,0.0751878572627902,0.8644401282072067,0.18434008304029703,0.999689768999815,0.21967241447418928,0.2440034504979849,0.37989837024360895,0.8857846288010478,0.48171261698007584,0.21304942201822996,0.2781363548710942,0.4278801204636693,0.08151198457926512,0.2776566222310066,0.3697799565270543,0.10699331481009722,0.16088280081748962,0.68158636149019,0.6546864984557033,0.051028897985816,0.2147662192583084,0.1471216743811965,0.08453341666609049,0.8734021307900548,0.10026131477206945,0.16003932617604733,0.42566962260752916,0.4861407121643424,0.14202567376196384,0.5457669636234641,0.6550431158393621,0.48674711119383574,0.15327643230557442,0.255843011662364,0.7342595485970378,0.6797278877347708,0.854303534142673,0.6891006575897336,0.766769259236753,0.8837756533175707,0.5378851005807519,0.2713064821437001,0.5789427300915122,0.9739232584834099,0.543205251917243,0.8222206244245172,0.7070133537054062,0.8197841057553887,0.07903017103672028,0.4517467590048909,0.051880402490496635,0.3898234283551574,0.44332801830023527,0.42414751648902893,0.3030965691432357,0.8644734565168619,0.598335930146277,0.06027765851467848,0.7148394007235765,0.009096401743590832,0.7693168502300978,0.4357907408848405,0.29403962567448616,0.07865037303417921,0.7665983578190207,0.49738191068172455
138,sobol,aligned10,0,-0.23030717895714048,-0.09062165211734823,2.1983241321133957,2.301060612349293,2.8386597929611903,nan,nan,3.5229604691267014e-06,0,0,ok,,nan,nan,nan,nan,nan,nan,nan,nan,nan,nan,nan,nan,-0.012444215088620713,0.9587660941403258,0,0.3884605458006263,0.6847931370139122,0.8143249293789268,0.36165689397603273,0.546529927290976,0.6883587455376983,0.9058741815388203,0.41525556333363056,0.0905738677829504,0.6767456345260143,0.4628973128274083,0.6712415050715208,0.5878419885411859,0.6422551898285747,0.5965062594041228,0.5366402612999082,0.5930127324536443,0.6841055173426867,0.7461536601185799,0.30834484100341797,0.14817670080810785,0.02792029920965433,0.34629789646714926,0.3108666632324457,0.035824354737997055,0.8948912294581532,0.7930180933326483,0.44994085002690554,0.6909674946218729,0.39651076681911945,0.2911308892071247,0.8116234987974167,0.8020015880465508,0.4753240654245019,0.4967922503128648,0.5083276769146323,0.5875408323481679,0.12933117616921663,0.9326827172189951,0.6247434308752418,0.5241189310327172,0.6475295023992658,0.9153179274871945,0.8332500606775284,0.0679641030728817,0.6824081903323531,0.5704787205904722,0.8905523363500834,0.24970613326877356,0.45110502000898123,0.6500395806506276,0.08161548245698214,0.8859908552840352,0.9977134838700294,0.5410847961902618,0.4983745841309428,0.890623664483428,0.7439693557098508,0.2629412468522787,0.26232448779046535,0.6452798377722502,0.08950293995440006,0.48899591621011496,0.952264410443604,0.9559160321950912,0.13545693084597588,0.25123437866568565,0.1499616764485836,0.44655186403542757,0.9147455673664808,0.19737647660076618,0.7818486485630274,0.5945973563939333,0.5412576105445623,0.8087621089071035,0.2070918269455433,0.3035596488043666,0.19319905806332827,0.26352607924491167,0.6604663683101535,0.9411172801628709,0.5214067427441478,0.5390610685572028,0.53000024612993,0.4543304992839694,0.05599993094801903,0.036048331297934055,0.7520016981288791,0.9450312713161111,0.6261540185660124,0.3862976795062423,0.26290383096784353,0.4987912429496646,0.7263762122020125,0.7034987565129995,0.8513742182403803,0.12306247092783451,0.6311614476144314,0.4975696988403797,0.16631179861724377
139,sobol,aligned10,0,-0.050194763814185916,-0.26730531658381435,2.1983241321133957,2.301060612349293,2.8386597929611903,nan,nan,3.541121259331703e-06,0,0,ok,,nan,nan,nan,nan,nan,nan,nan,nan,nan,nan,nan,nan,-0.014011574540912224,0.9554884893769897,0,0.5650729797780514,0.39515116438269615,0.06792803015559912,0.7654996924102306,0.10731273051351309,0.33207374066114426,0.17097998317331076,0.799627042375505,0.7542174151167274,0.058494837023317814,0.5146103808656335,0.2016345588490367,0.31640978157520294,0.1454813927412033,0.3491007871925831,0.22253123484551907,0.17200127057731152,0.49707560520619154,0.38350577652454376,0.7427175100892782,0.9805182442069054,0.6999689787626266,0.9370675459504128,0.6045563817024231,0.6283904938027263,0.3567302878946066,0.15191354136914015,0.8398402184247971,0.4914180412888527,0.9105019271373749,0.9378743898123503,0.07526410277932882,0.44502630550414324,0.7312883017584682,0.6040352424606681,0.3328416598960757,0.2831083768978715,0.5480772899463773,0.26293500047177076,0.369776944629848,0.23447762802243233,0.4878407847136259,0.09429353848099709,0.41785422898828983,0.961477211676538,0.05660971254110336,0.2513214582577348,0.23192793503403664,0.7306966530159116,0.6452928287908435,0.3676768485456705,0.9628835907205939,0.3440117249265313,0.31558189541101456,0.3718816861510277,0.8494871370494366,0.30108441319316626,0.369076207280159,0.5786410886794329,0.5451052533462644,0.24313621781766415,0.8783819591626525,0.5340185929089785,0.23797194194048643,0.1655306490138173,0.778722639195621,0.8525656405836344,0.6775049287825823,0.851079672574997,0.013202445581555367,0.5394118102267385,0.37244622502475977,0.1017138222232461,0.07478266209363937,0.13638126477599144,0.6135615669190884,0.8866476537659764,0.6630855901166797,0.9141041934490204,0.2332464326173067,0.06504318118095398,0.15762548986822367,0.42468761559575796,0.13154244236648083,0.5064774984493852,0.9244353361427784,0.5383495781570673,0.19235140178352594,0.24485828541219234,0.475775895640254,0.9480289565399289,0.8608036004006863,0.9149964181706309,0.3916932260617614,0.09488206077367067,0.1214359812438488,0.9113367404788733,0.37665718607604504,0.6678686738014221,0.9503744263201952
140,sobol,aligned10,0,1.0232133791802012,1.0252100927696048,2.1983241321133957,2.301060612349293,2.8386597929611903,nan,nan,3.386056050658226e-06,0,0,ok,,nan,nan,nan,nan,nan,nan,nan,nan,nan,nan,nan,nan,-0.014270025892864179,0.9520747910474595,0,0.6647629998624325,0.6248008441179991,0.27897697128355503,0.997536133043468,0.20002038031816483,0.04449792671948671,0.8463606331497431,0.27452889550477266,0.1314437659457326,0.9682985721156001,0.2962302854284644,0.09090919606387615,0.7194100692868233,0.43971050903201103,0.3984098248183727,0.026133481413125992,0.07403637561947107,0.37092734035104513,0.5393883269280195,0.04537102393805981,0.35856105480343103,0.9304980933666229,0.3858675602823496,0.6596722537651658,0.5932661015540361,0.8566162399947643,0.8950651297345757,0.10830719955265522,0.9604262122884393,0.5953073622658849,0.4197407551109791,0.693705515936017,0.2522649820894003,0.2598204845562577,0.13760544266551733,0.9550108034163713,0.03760910499840975,0.702317837625742,0.836515941657126,0.4527712306007743,0.00038733985275030136,0.8314684070646763,0.7084706462919712,0.3395076049491763,0.2106692399829626,0.9956194050610065,0.24088444281369448,0.6538454694673419,0.9591520382091403,0.6123564848676324,0.8785349614918232,0.852662593126297,0.166694357059896,0.8352432446554303,0.031867435202002525,0.9100606925785542,0.3785363547503948,0.40252790972590446,0.3945737462490797,0.49216799810528755,0.8564239293336868,0.8187060132622719,0.3691256698220968,0.38455203641206026,0.018510100431740284,0.34114106837660074,0.47067683935165405,0.48004558216780424,0.3726633535698056,0.45203902292996645,0.9490436231717467,0.09166093915700912,0.6764511475339532,0.6350125074386597,0.07102786656469107,0.8193163881078362,0.7629373781383038,0.6001028614118695,0.44983116816729307,0.5358617752790451,0.4855861207470298,0.05881862808018923,0.22439848724752665,0.66070172842592,0.23935540672391653,0.6328490935266018,0.35487000085413456,0.681261190213263,0.12091836426407099,0.3610842004418373,0.8217273782938719,0.19004073832184076,0.5283088106662035,0.12826574966311455,0.33216220512986183,0.5315870866179466,0.37564383167773485,0.13077084254473448,0.29132295958697796,0.0720927519723773
141,sobol,aligned10,0,-1.147137242778638,-1.1234176542105276,2.1983241321133957,2.301060612349293,2.8386597929611903,nan,nan,3.3348333090543747e-06,0,0,ok,,nan,nan,nan,nan,nan,nan,nan,nan,nan,nan,nan,nan,-0.006911987559012651,0.9526790707042495,0,0.3514300277456641,0.3343015108257532,0.5253779236227274,0.3759272862225771,0.6392395105212927,0.931132847443223,0.08021652046591043,0.8778980523347855,0.9672537632286549,0.3286875169724226,0.7457322357222438,0.5588070182129741,0.4974313611164689,0.9444015612825751,0.6409324845299125,0.7154254978522658,0.6609480697661638,0.5569578912109137,0.34075689874589443,0.9816953763365746,0.5201338902115822,0.35208115819841623,0.8341887788847089,0.490974890999496,0.24251857120543718,0.3947454607114196,0.03421071544289589,0.7438137149438262,0.22242464404553175,0.0818031718954444,0.8199943136423826,0.42609617579728365,0.985209914855659,0.5003811819478869,0.7762121791020036,0.13841687701642513,0.842530787922442,0.1195988692343235,0.48312512040138245,0.6979720843955874,0.7273475620895624,0.054630368016660213,0.2780692921951413,0.911596686579287,0.8229244919493794,0.36791021656244993,0.9373610336333513,0.4991297321394086,0.4430035809054971,0.2911540539935231,0.09642441850155592,0.22197448648512363,0.5641646264120936,0.47829242516309023,0.8657129537314177,0.30510305892676115,0.8048699842765927,0.5273905033245683,0.6970675233751535,0.708329132758081,0.2507588043808937,0.1548270182684064,0.6714574275538325,0.6772176949307323,0.8532074242830276,0.6977857779711485,0.8845081087201834,0.9451800333335996,0.9564170241355896,0.6053035194054246,0.29060568660497665,0.5001305369660258,0.18392214365303516,0.23136909119784832,0.9992070617154241,0.4753283644095063,0.421915041282773,0.005536268465220928,0.8529801871627569,0.10761117283254862,0.6094510164111853,0.6335211833938956,0.8601928809657693,0.059103308245539665,0.7837204830721021,0.25371815636754036,0.8523551905527711,0.374420034699142,0.8191847857087851,0.5233125910162926,0.25797800347208977,0.6863817665725946,0.07304024137556553,0.9898041151463985,0.97404261585325,0.30840802006423473,0.5894532958045602,0.8770353579893708,0.6213063839823008,0.7956007933244109
142,sobol,aligned10,0,1.0509148288995842,0.9532918265430442,2.1983241321133957,2.301060612349293,2.8386597929611903,nan,nan,3.3101532608270645e-06,0,0,ok,,nan,nan,nan,nan,nan,nan,nan,nan,nan,nan,nan,nan,-0.014941742877460716,0.9540949289908469,0,0.20288470294326544,0.8559735370799899,0.24959829449653625,0.7424592990428209,0.8298943843692541,0.586756519973278,0.6831008028239012,0.5147954737767577,0.5225786557421088,0.14834106527268887,0.8219867255538702,0.9578495370224118,0.8084279960021377,0.07103630900382996,0.7532343445345759,0.4429978718981147,0.8631433974951506,0.2395435031503439,0.08803104888647795,0.45199786871671677,0.058351545594632626,0.23167939018458128,0.2305660853162408,0.9967500511556864,0.9346254067495465,0.06816220935434103,0.500384128652513,0.8772777784615755,0.5413550948724151,0.370826194062829,0.21871761698275805,0.9121784418821335,0.18373988382518291,0.835494969971478,0.666619504801929,0.4844584548845887,0.4332563327625394,0.7516857506707311,0.677096270956099,0.07504853792488575,0.36472884751856327,0.2928919279947877,0.8366135731339455,0.04144185222685337,0.5195124261081219,0.6135958144441247,0.4106745785102248,0.8560988074168563,0.06320126634091139,0.13503109570592642,0.5933860968798399,0.5089703127741814,0.8325932594016194,0.5314218504354358,0.3823432307690382,0.07872807886451483,0.22009130753576756,0.9018649319186807,0.9083502171561122,0.8693071668967605,0.5389420194551349,0.30164550244808197,0.9475364219397306,0.8327460298314691,0.5368311014026403,0.9241360360756516,0.5195754300802946,0.5895137554034591,0.2402177508920431,0.8705337950959802,0.6340601006522775,0.9698383323848248,0.4508200129494071,0.3263515178114176,0.7244543228298426,0.03846272826194763,0.709001375362277,0.7863257881253958,0.07089084107428789,0.37849760334938765,0.8441033056005836,0.9630398275330663,0.25758626870810986,0.981122050434351,0.6939534842967987,0.17747267987579107,0.6345894588157535,0.9523657336831093,0.4288972169160843,0.9724474363029003,0.7256195563822985,0.8889964949339628,0.8593404619023204,0.2764303460717201,0.5378927728161216,0.9709397377446294,0.7583200177177787,0.332836514338851,0.14188569877296686,0.6188276642933488
143,sobol,aligned10,0,-0.20251567878937804,-0.23116275167442363,2.1983241321133957,2.301060612349293,2.8386597929611903,nan,nan,3.295019268989563e-06,0,0,ok,,nan,nan,nan,nan,nan,nan,nan,nan,nan,nan,nan,nan,-0.0074882004174813815,0.954892806143377,0,0.7506557367742062,0.06749242451041937,0.995873361825943,0.13066973816603422,0.26907820254564285,0.44944973941892385,0.38668390829116106,0.1453214306384325,0.32806467078626156,0.5244003040716052,0.15356882847845554,0.4276968017220497,0.03725864551961422,0.5761106787249446,0.004791155457496643,0.7538872919976711,0.4030933352187276,0.9265658771619201,0.7955275503918529,0.513598321005702,0.8129572030156851,0.559993090108037,0.5479003917425871,0.1659509390592575,0.276220778003335,0.6844204925000668,0.4295936245471239,0.2705965554341674,0.28016013372689486,0.8221651539206505,0.552290222607553,0.20713103469461203,0.576833019964397,0.09169941302388906,0.3092093588784337,0.6682381303980947,0.691302896477282,0.4266877295449376,0.003384605050086975,0.8220365848392248,0.9041261663660407,0.5776011515408754,0.14205307606607676,0.7077093124389648,0.3895799284800887,0.24162539653480053,0.732384130358696,0.013883077539503574,0.5812935465946794,0.9564677877351642,0.436047145165503,0.3781839329749346,0.43709898088127375,0.15491653513163328,0.7044385131448507,0.6983186453580856,0.5888033388182521,0.027093831449747086,0.24988456722348928,0.08644652739167213,0.07408483605831861,0.7306620003655553,0.027497793547809124,0.10160798486322165,0.3426989270374179,0.03667057864367962,0.12139496952295303,0.11708512250334024,0.5891043869778514,0.2171431900933385,0.10449820570647717,0.43446030374616385,0.9427272193133831,0.7895647771656513,0.33043287694454193,0.6319746449589729,0.10468100011348724,0.31845294684171677,0.731707364320755,0.946401784196496,0.22016162239015102,0.35804810281842947,0.6434111800044775,0.3638923140242696,0.26662332005798817,0.8110209023579955,0.13524281233549118,0.009534971788525581,0.634989551268518,0.13069936260581017,0.1624196171760559,0.48641130793839693,0.30640032421797514,0.6072068735957146,0.14796599373221397,0.24380905460566282,0.20674290042370558,0.5812315382063389,0.9445088105276227,0.280085121281445
144,sobol,aligned10,0,-0.6036268224068468,-0.5181155855512357,2.1983241321133957,2.301060612349293,2.8386597929611903,nan,nan,3.5210978239774704e-06,0,0,ok,,nan,nan,nan,nan,nan,nan,nan,nan,nan,nan,nan,nan,-0.008842557906175112,0.9517092458567185,0,0.7898337431252003,0.8349038045853376,0.3910200046375394,0.8278185799717903,0.5886040590703487,0.9059092383831739,0.04473214875906706,0.561327300965786,0.4122746381908655,0.22921808250248432,0.18602432776242495,0.005423203110694885,0.507786575704813,0.7405791636556387,0.9375489074736834,0.07369136530905962,0.25556408148258924,0.6501029450446367,0.005940532311797142,0.3636816330254078,0.6270477920770645,0.6385814780369401,0.5169902360066772,0.4409542139619589,0.5064597688615322,0.04363360442221165,0.47301787603646517,0.2821870120242238,0.052574871107935905,0.11322654783725739,0.04551872331649065,0.26310251001268625,0.6673338143154979,0.9832467716187239,0.2785699777305126,0.8271132195368409,0.6624842677265406,0.6014138273894787,0.9486765060573816,0.672198404558003,0.06960883922874928,0.44076463021337986,0.7352969162166119,0.123409204185009,0.5810418520122766,0.21074653416872025,0.846596728079021,0.34546920098364353,0.9338688226416707,0.006827956065535545,0.594502086751163,0.7558690430596471,0.2480073682963848,0.9569323249161243,0.6872312240302563,0.09700190462172031,0.4222395531833172,0.4918165383860469,0.41343873366713524,0.7552740620449185,0.9248239146545529,0.39541266299784184,0.6169415069743991,0.6420972468331456,0.6708604972809553,0.2534570964053273,0.5455488115549088,0.7199020432308316,0.9715966368094087,0.6996912201866508,0.24610585067421198,0.38567692693322897,0.3649388626217842,0.3439817437902093,0.349272932857275,0.6668511824682355,0.12749056704342365,0.17141211219131947,0.423547244630754,0.976445491425693,0.11137684155255556,0.42834252677857876,0.17112591117620468,0.07707863487303257,0.6081724436953664,0.083505236543715,0.115125791169703,0.31305094342678785,0.4952588062733412,0.16328016761690378,0.4842441491782665,0.9731461685150862,0.4521347563713789,0.9661438055336475,0.2611041823402047,0.5218921974301338,0.42951082810759544,0.29449242632836103,0.04547257162630558,0.000880037434399128
145,sobol,aligned10,0,-0.2753925046127521,-0.055948602642602374,2.1983241321133957,2.301060612349293,2.8386597929611903,nan,nan,3.27499583363533e-06,0,0,ok,,nan,nan,nan,nan,nan,nan,nan,nan,nan,nan,nan,nan,-0.01294451835100733,0.9496983147303838,0,0.22619929071515799,0.12442752160131931,0.644741122610867,0.2989755431190133,0.024406136944890022,0.011034325696527958,0.7785886600613594,0.16127483267337084,0.748800846748054,0.5992545178160071,0.8540456229820848,0.5983163984492421,0.2754310565069318,0.23733582068234682,0.19496521446853876,0.6378765683621168,0.9791763424873352,0.46113534551113844,0.8619968872517347,0.6790648270398378,0.4938336992636323,0.09153659641742706,0.19964855164289474,0.64725686237216,0.1575109390541911,0.7087197313085198,0.5818981230258942,0.9294127449393272,0.751390915364027,0.5641397852450609,0.6922622686251998,0.6243993919342756,0.08771730028092861,0.22334934398531914,0.6362242642790079,0.018210318870842457,0.46692327968776226,0.20561717078089714,0.37242940347641706,0.4270580420270562,0.6718132412061095,0.6638593086972833,0.3058730782940984,0.625490190461278,0.45304000470787287,0.5829587494954467,0.04258626326918602,0.5032381154596806,0.42163591738790274,0.8435829523950815,0.3768562339246273,0.13714476581662893,0.5224002450704575,0.35684748366475105,0.4779249019920826,0.7430359618738294,0.7616550670936704,0.6168318744748831,0.7447329983115196,0.038849955424666405,0.4679928692057729,0.5744291758164763,0.4080242943018675,0.419134090654552,0.4586695311591029,0.6448595318943262,0.06921856664121151,0.20057045947760344,0.3244006745517254,0.3528295187279582,0.5295627545565367,0.9600239060819149,0.8723564548417926,0.7564105531200767,0.7052475269883871,0.01036673504859209,0.5622326247394085,0.6998776458203793,0.7699183169752359,0.41934298165142536,0.9874356500804424,0.7520612739026546,0.806783452630043,0.7098650662228465,0.4310104241594672,0.9670610884204507,0.6155369151383638,0.6312678242102265,0.693540477193892,0.9386506909504533,0.920426232740283,0.3991727130487561,0.8992141839116812,0.1674952544271946,0.9317316431552172,0.26366416923701763,0.6063262820243835,0.5414510974660516,0.8681314270943403,0.8510967129841447
146,sobol,aligned10,0,0.7341791442138585,0.8368527057152764,2.1983241321133957,2.301060612349293,2.8386597929611903,nan,nan,3.500143066048622e-06,0,0,ok,,nan,nan,nan,nan,nan,nan,nan,nan,nan,nan,nan,nan,-0.014742107298005581,0.9466878312535004,0,0.32786770816892385,0.5681099398061633,0.11168333794921637,0.5728261480107903,0.4449728149920702,0.4793730555102229,0.4883913090452552,0.289993355050683,0.8043698146939278,0.9090240662917495,0.7115372382104397,0.8870102120563388,0.9653346640989184,0.871721813455224,0.33274724800139666,0.39461601339280605,0.5602778606116772,0.7726214258000255,0.6136660603806376,0.1452858317643404,0.959911135956645,0.4609429705888033,0.8655881099402905,0.15297157038003206,0.9727256996557117,0.754207001067698,0.1100522605702281,0.6994960280135274,0.4462553635239601,0.8533333158120513,0.34055880084633827,0.10657538007944822,0.7706832988187671,0.4251618701964617,0.8078281804919243,0.3584499079734087,0.8078872356563807,0.9153309809044003,0.5378370527178049,0.7999802157282829,0.2991694426164031,0.9334121560677886,0.8722906410694122,0.26522304955869913,0.14720962941646576,0.33604481536895037,0.5476371282711625,0.14153357408940792,0.0418252544477582,0.7497173994779587,0.9345515677705407,0.5996605353429914,0.7537502627819777,0.6606487724930048,0.7740351296961308,0.8907950380817056,0.2056847456842661,0.9845466148108244,0.8920358279719949,0.3835138585418463,0.7423058431595564,0.9749731887131929,0.1914269207045436,0.07514409068971872,0.1501057045534253,0.9810138316825032,0.4641983788460493,0.32918714825063944,0.604045519605279,0.11910148989409208,0.43611989077180624,0.5529173193499446,0.5124467369168997,0.6604745341464877,0.9460871228948236,0.4484984762966633,0.3376155346632004,0.4806724051013589,0.052251086570322514,0.06328297406435013,0.722096030600369,0.5786228757351637,0.32540762331336737,0.2566225463524461,0.09109083749353886,0.601747864857316,0.8977711498737335,0.05293302424252033,0.05447311606258154,0.5519853653386235,0.06411558389663696,0.16436575446277857,0.18551027681678534,0.5674909800291061,0.6188428048044443,0.9570797057822347,0.8124862294644117,0.24678323976695538,0.39603686798363924,0.5474621271714568
147,sobol,aligned10,0,0.4014108312866437,0.20990768248448127,2.1983241321133957,2.301060612349293,2.8386597929611903,nan,nan,3.69315966963768e-06,0,0,ok,,nan,nan,nan,nan,nan,nan,nan,nan,nan,nan,nan,nan,-0.00964740490676841,0.9454685106733932,0,0.6258179135620594,0.35561545100063086,0.8652862003073096,0.05381765216588974,0.8807377479970455,0.6230887733399868,0.691973727196455,0.9249178757891059,0.10865134093910456,0.29473079182207584,0.26212669909000397,0.48186021111905575,0.18891569413244724,0.36910604778677225,0.5811294000595808,0.8303681062534451,0.20571461226791143,0.08464564569294453,0.25085034500807524,0.8358840830624104,0.1692110663279891,0.7581287575885653,0.41727426927536726,0.9471724769100547,0.3161844499409199,0.497414568439126,0.9445280488580465,0.08890902251005173,0.7463898006826639,0.3394022034481168,0.9284949582070112,0.7804343067109585,0.47621582262218,0.6808478683233261,0.16897730343043804,0.5501633193343878,0.0654513668268919,0.2774383770301938,0.1411789832636714,0.052934419363737106,0.9638108629733324,0.2180674783885479,0.17675262782722712,0.985629471950233,0.7613945854827762,0.9640004951506853,0.3688590954989195,0.9868024960160255,0.5560205867514014,0.41270528361201286,0.09164679609239101,0.48083610739558935,0.47736609168350697,0.025445470586419106,0.07641610130667686,0.2613775711506605,0.6027216194197536,0.10943978559225798,0.19991644192487001,0.6661110417917371,0.14466682635247707,0.061094178818166256,0.767989968881011,0.8596272310242057,0.9716118201613426,0.12043256498873234,0.9248798415064812,0.8724144762381911,0.19170908536762,0.9655848061665893,0.8406397178769112,0.10529161244630814,0.004178469069302082,0.19042902160435915,0.12427028547972441,0.8545139692723751,0.9731556307524443,0.8897684058174491,0.6409393362700939,0.5100256809964776,0.34596141800284386,0.2226627804338932,0.7110956823453307,0.9050422012805939,0.885592944920063,0.47262455709278584,0.39549857657402754,0.9851662591099739,0.7605501785874367,0.33119550067931414,0.5009689349681139,0.7070909980684519,0.7302306359633803,0.30058082938194275,0.19626171234995127,0.2027421249076724,0.22343826480209827,0.99539939686656,0.6913361111655831,0.3359174532815814
148,sobol,aligned10,0,1.0182296824696868,1.0297910733853552,2.1983241321133957,2.301060612349293,2.8386597929611903,nan,nan,3.169989213347435e-06,0,0,ok,,nan,nan,nan,nan,nan,nan,nan,nan,nan,nan,nan,nan,-0.00686998439194806,0.9428704762556137,0,0.6042621918022633,0.6321382494643331,0.5451025161892176,0.19311052467674017,0.7859548656269908,0.7573891440406442,0.25896450970321894,0.39924192149192095,0.9819752601906657,0.6969082877039909,0.5447160433977842,0.37305745016783476,0.84948337264359,0.04619032610207796,0.657781695947051,0.9173031216487288,0.04037453234195709,0.2035841103643179,0.6564874248579144,0.37603263184428215,0.5453031491488218,0.6213462753221393,0.9061567345634103,0.7514281179755926,0.40550305414944887,0.9973002076148987,0.19552065804600716,0.8575361017137766,0.21485199313610792,0.15459678322076797,0.46431637182831764,0.39490745309740305,0.28344785142689943,0.3436607364565134,0.573639465495944,0.17811645474284887,0.31677828915417194,0.4707624055445194,0.6925976062193513,0.12812037020921707,0.7915585422888398,0.6246868427842855,0.5010129818692803,0.7510328460484743,0.004515940323472023,0.024744762107729912,0.1389396507292986,0.3774851029738784,0.7532242545858026,0.31380472145974636,0.6628657057881355,0.3405686765909195,0.03335512802004814,0.5140515482053161,0.2677586544305086,0.4508038815110922,0.7177721709012985,0.1462998455390334,0.7580358469858766,0.3631131984293461,0.7501272559165955,0.24573959410190582,0.07154141552746296,0.5099066207185388,0.8375040218234062,0.5580436959862709,0.3085187692195177,0.03421383909881115,0.7171229515224695,0.5309062451124191,0.6868636328727007,0.3236666629090905,0.711728741414845,0.5040768506005406,0.1839473992586136,0.5876090237870812,0.8460111757740378,0.8275214293971658,0.2392273312434554,0.1876410273835063,0.2049728510901332,0.11848387867212296,0.8896505767479539,0.4345648819580674,0.36854357086122036,0.2122842613607645,0.7117748586460948,0.3883213996887207,0.8863660981878638,0.443196008913219,0.6281928503885865,0.35145515855401754,0.8435429688543081,0.03275838028639555,0.49799447506666183,0.6441432675346732,0.6887844139710069,0.7490972811356187,0.3147918274626136,0.7060809750109911
149,sobol,aligned10,0,-1.318455870348815,-1.3402937338388163,2.1983241321133957,2.301060612349293,2.8386597929611903,nan,nan,3.264984115958214e-06,0,0,ok,,nan,nan,nan,nan,nan,nan,nan,nan,nan,nan,nan,nan,9.879144036066928e-06,0.9434211538647511,0,0.41177870985120535,0.4207452470436692,0.29150323010981083,0.679900323972106,0.35018807370215654,0.14402478747069836,0.5562969017773867,0.7531564310193062,0.1771396491676569,0.0690634148195386,0.4933998007327318,0.7804045882076025,0.11736043076962233,0.5411331560462713,0.4123292313888669,0.356490109115839,0.6936352578923106,0.8925745701417327,0.45753557700663805,0.5646763239055872,0.3338190531358123,0.16803637333214283,0.3153792303055525,0.08223485574126244,0.8055872712284327,0.25406142603605986,0.8747149566188455,0.49352899100631475,0.977266670204699,0.6680409256368876,0.7978890519589186,0.7250163238495588,0.9539002329111099,0.5835154727101326,0.4661523327231407,0.9787267101928592,0.5587268378585577,0.8353109695017338,0.11239513754844666,0.8810255490243435,0.4395984373986721,0.27655258495360613,0.4461018145084381,0.49981967359781265,0.8999434867873788,0.6507888296619058,0.9445487456396222,0.7188454205170274,0.26637435983866453,0.5239252392202616,0.3202132424339652,0.7097899410873652,0.696420356631279,0.17277901526540518,0.5673369858413935,0.834066697396338,0.09893592540174723,0.7714372742921114,0.08397577423602343,0.5795790320262313,0.3555825278162956,0.7846185984089971,0.9054440623149276,0.30330077465623617,0.03394265938550234,0.4186535170301795,0.8317002393305302,0.5149102807044983,0.10992790665477514,0.43219801411032677,0.09094120282679796,0.7720380369573832,0.2033343520015478,0.0961914686486125,0.7615625951439142,0.24408228043466806,0.46816174779087305,0.293258055113256,0.579266244545579,0.6354277823120356,0.8288992438465357,0.7009921539574862,0.02550648245960474,0.7860946357250214,0.6708887554705143,0.8307120371609926,0.21432214975357056,0.5736060086637735,0.17838256806135178,0.6599517418071628,0.1895655496045947,0.7769891433417797,0.25975909642875195,0.835312913171947,0.8249339265748858,0.38286341074854136,0.2757637547329068,0.4930958701297641,0.5197749836370349,0.42616921477019787
150,sobol,aligned10,0,0.3457628962566432,0.3090549976112476,2.1983241321133957,2.301060612349293,2.8386597929611903,nan,nan,3.3820979297161102e-06,0,0,ok,,nan,nan,nan,nan,nan,nan,nan,nan,nan,nan,nan,nan,-0.008779892519249606,0.9463728668978455,0,0.013386092148721218,0.8945337310433388,0.9493018835783005,0.43800210021436214,0.18144482094794512,0.362149890512228,0.20409924257546663,0.639565690420568,0.37114343140274286,0.3767595710232854,0.07340270932763815,0.74195496737957,0.6861857892945409,0.4118128204718232,0.05190619174391031,0.6134720705449581,0.7669529458507895,0.3426775699481368,0.20538179576396942,0.09535039402544498,0.8696663677692413,0.290691614151001,0.7430375311523676,0.5921451346948743,0.1227546650916338,0.20885030459612608,0.34067474491894245,0.12756728567183018,0.2823607372120023,0.8793297251686454,0.1653548451140523,0.23844231199473143,0.1525560887530446,0.7523690219968557,0.10656013526022434,0.648069653660059,0.2121774423867464,0.04355637449771166,0.790006005205214,0.2502869414165616,0.5933251641690731,0.006997118704020977,0.8874583663418889,0.6101326225325465,0.6883446872234344,0.3970008147880435,0.4652547091245651,0.112945388071239,0.1463055396452546,0.9298020154237747,0.8700884152203798,0.059272415935993195,0.9648643713444471,0.8681813860312104,0.1767976824194193,0.5614296915009618,0.9338350053876638,0.6430573109537363,0.3106350935995579,0.9980572676286101,0.5734685016795993,0.6338938549160957,0.7450897637754679,0.21029502619057894,0.35825307946652174,0.2074410393834114,0.701289426535368,0.8937401194125414,0.8341890657320619,0.16618162766098976,0.9978492893278599,0.7418759958818555,0.40797122847288847,0.43775593396276236,0.5167862297967076,0.3048630952835083,0.6810751082375646,0.5125200171023607,0.36016492638736963,0.8506199568510056,0.5630093542858958,0.9055718332529068,0.6064931433647871,0.23911737836897373,0.8231252292171121,0.7234648698940873,0.307042496278882,0.2451185891404748,0.5695853065699339,0.8358016153797507,0.7941848384216428,0.542163111269474,0.5437153046950698,0.4314117422327399,0.6397601841017604,0.8300631288439035,0.07176780235022306,0.7950765080749989,0.24341638386249542,0.22214411199092865
151,sobol,aligned10,0,-0.8092151357100342,-0.8143302635395053,2.1983241321133957,2.301060612349293,2.8386597929611903,nan,nan,3.209104761481285e-06,0,0,ok,,nan,nan,nan,nan,nan,nan,nan,nan,nan,nan,nan,nan,-0.006431927030667535,0.9436722288991108,0,0.9403073973953724,0.18515131995081902,0.1955767124891281,0.934610708616674,0.7456446019932628,0.7248433409258723,0.9692058470100164,0.020522618666291237,0.5360257998108864,0.764494389295578,0.9061196250841022,0.14735293108969927,0.4095032475888729,0.9071046356111765,0.7993726972490549,0.17422571685165167,0.4983053170144558,0.530645688995719,0.913046158850193,0.9087818972766399,0.0012151235714554787,0.9941123807802796,0.03690952528268099,0.26083487179130316,0.7132741482928395,0.5437324494123459,0.7298355316743255,0.5213724365457892,0.5210938071832061,0.4279307099059224,0.5656083291396499,0.8809892497956753,0.6081417724490166,0.007814574986696243,0.9952438585460186,0.44902394711971283,0.9072511103004217,0.650200885720551,0.40512342751026154,0.5051929214969277,0.17892796639353037,0.8473785072565079,0.06740767881274223,0.1387667739763856,0.3415849907323718,0.7712161876261234,0.6456079548224807,0.7668056981638074,0.6311963526532054,0.21993960067629814,0.1522056357935071,0.9285766649991274,0.30371409840881824,0.44486985448747873,0.9724993128329515,0.16155028529465199,0.2573847910389304,0.2678283890709281,0.5974734127521515,0.2155013270676136,0.038115921430289745,0.32987736631184816,0.29354219045490026,0.9803737429901958,0.5210061054676771,0.8161283126100898,0.16245917417109013,0.43699949607253075,0.4931035451591015,0.7647570744156837,0.2808024091646075,0.16632155887782574,0.9152631685137749,0.9130236441269517,0.41282578464597464,0.8988364115357399,0.004267859272658825,0.10934492573142052,0.9581154994666576,0.29443942848592997,0.4391292277723551,0.2927743885666132,0.49225749634206295,0.6062631933018565,0.15380616765469313,0.3584780553355813,0.8064179280772805,0.8105283034965396,0.3694275701418519,0.048596142791211605,0.3558628326281905,0.08537328522652388,0.12007248308509588,0.7022278746590018,0.0608690083026886,0.07267385348677635,0.892868465743959,0.04085465334355831,0.921039704233408,0.8790089003741741
152,sobol,aligned10,0,-0.08760122984184658,-0.1740358779349042,2.1983241321133957,2.301060612349293,2.8386597929611903,nan,nan,3.4349504858255386e-06,0,0,ok,,nan,nan,nan,nan,nan,nan,nan,nan,nan,nan,nan,nan,-0.011713395508821256,0.9427993368743687,0,0.9199402509257197,0.5211022915318608,0.9056123876944184,0.6883657248690724,0.0688943574205041,0.5374332768842578,0.34144734404981136,0.44780749175697565,0.9173092795535922,0.3715548412874341,0.964213659055531,0.1059592105448246,0.022564535960555077,0.4920729948207736,0.30618299543857574,0.960030454210937,0.608400453813374,0.05333716329187155,0.7180946860462427,0.22388682421296835,0.5813755784183741,0.2035829508677125,0.6624277103692293,0.8495523286983371,0.8223227644339204,0.1237605782225728,0.5521204937249422,0.3927887510508299,0.8757375478744507,0.9814935149624944,0.3855767697095871,0.8522027432918549,0.7125328695401549,0.30373329762369394,0.742398546077311,0.7186760026961565,0.6050072433426976,0.3741662725806236,0.6199932461604476,0.49329299852252007,0.7017237208783627,0.41675952542573214,0.1922337794676423,0.2257911115884781,0.675047954544425,0.2821045480668545,0.6088331080973148,0.2087623830884695,0.7067215126007795,0.07525972463190556,0.4754321100190282,0.6463450696319342,0.06589863356202841,0.19020179938524961,0.021290840581059456,0.42419497575610876,0.05121472291648388,0.5382335372269154,0.4801305253058672,0.740465335547924,0.37629623990505934,0.44286468531936407,0.9760196357965469,0.3320984849706292,0.42318576388061047,0.018529693596065044,0.32195770274847746,0.6218063496053219,0.4271700968965888,0.47080226615071297,0.3494417304173112,0.033694902434945107,0.5837837643921375,0.2904125740751624,0.24999771919101477,0.06574057880789042,0.6133543169125915,0.056283737532794476,0.8328535426408052,0.45879204105585814,0.1860215850174427,0.8709919918328524,0.12435855250805616,0.1834855629131198,0.21028336510062218,0.14911628514528275,0.0080039007589221,0.9279933040961623,0.8628874262794852,0.10987257398664951,0.5809064032509923,0.24064460955560207,0.24027851317077875,0.9101676680147648,0.7232017572969198,0.5793867707252502,0.9483884405344725,0.6614175094291568,0.7906216476112604,0.6800905549898744
153,sobol,aligned10,0,0.47497687627963997,0.5404094569888174,2.1983241321133957,2.301060612349293,2.8386597929611903,nan,nan,3.4100376069545746e-06,0,0,ok,,nan,nan,nan,nan,nan,nan,nan,nan,nan,nan,nan,nan,-0.012209394426030572,0.9397331388126524,0,0.09514696896076202,0.30860612634569407,0.15139893535524607,0.18498218432068825,0.5046800365671515,0.42455611005425453,0.6066141771152616,0.8294969089329243,0.23802916891872883,0.9876785799860954,0.015308701433241367,0.5133064771071076,0.7606526231393218,0.9870135858654976,0.5606696186587214,0.26687629520893097,0.1251187976449728,0.8663074877113104,0.4179010260850191,0.7875619838014245,0.289929467253387,0.5001659989356995,0.12038510758429766,0.04755418095737696,0.48227342031896114,0.6325073000043631,0.3777953004464507,0.7553307814523578,0.1762539315968752,0.4680818310007453,0.8443935010582209,0.02606161590665579,0.04214920289814472,0.55996825825423,0.35745427664369345,0.3786617424339056,0.2693038070574403,0.9476975426077843,0.2001361083239317,0.7463216707110405,0.03732652310281992,0.7015321832150221,0.7628156021237373,0.5253131780773401,0.29508542735129595,0.9100296525284648,0.28710951190441847,0.9290455803275108,0.18765075877308846,0.7697496321052313,0.5077670011669397,0.28096912428736687,0.6645483626052737,0.6213807864114642,0.8154980484396219,0.7909325063228607,0.6403865730389953,0.4131878325715661,0.6781020816415548,0.45758944284170866,0.9818697376176715,0.5289858300238848,0.04797047842293978,0.6021773284301162,0.6973147569224238,0.8800248764455318,0.7831197651103139,0.07906571216881275,0.777014160528779,0.5695114657282829,0.8823950793594122,0.624506221152842,0.09101443644613028,0.8279317179694772,0.8207579152658582,0.7217708388343453,0.19643468502908945,0.5884108589962125,0.4853693088516593,0.9055365342646837,0.8118395926430821,0.4525390639901161,0.9787942422553897,0.5350677687674761,0.750772712752223,0.7690080106258392,0.5113484039902687,0.11007928568869829,0.07673127204179764,0.7720837686210871,0.01904542651027441,0.6349310399964452,0.6564803356304765,0.20589380338788033,0.08376397658139467,0.32311186753213406,0.015713529661297798,0.40890463534742594,0.1249984186142683,0.46781538892537355
154,sobol,aligned10,0,-1.0928408685972593,-1.1214479454864557,2.1983241321133957,2.301060612349293,2.8386597929611903,nan,nan,3.236113116145134e-06,0,0,ok,,nan,nan,nan,nan,nan,nan,nan,nan,nan,nan,nan,nan,-0.009045847213656087,0.9374941044647372,0,0.44672562181949615,0.7566692754626274,0.6224452732130885,0.9432360716164112,0.9644234171137214,0.08112535439431667,0.1293593216687441,0.7155403671786189,0.30745299998670816,0.5508720576763153,0.4352829121053219,0.9738821526989341,0.44959516171365976,0.12218948360532522,0.9191872319206595,0.508246399462223,0.33500448800623417,0.42968941293656826,0.16908861603587866,0.2557970890775323,0.7575616575777531,0.8804366309195757,0.9388815546408296,0.5574803277850151,0.6645571868866682,0.8343335594981909,0.9078992195427418,0.6235741507261992,0.6229261960834265,0.2413835320621729,0.24311692360788584,0.5087258834391832,0.8514012387022376,0.8540049092844129,0.21704647410660982,0.24813509825617075,0.9908582093194127,0.1735265413299203,0.8975242590531707,0.119487882591784,0.9331602239981294,0.955340065062046,0.3213520096614957,0.3974516848102212,0.11668957397341728,0.1710884952917695,0.8099231030791998,0.2860462460666895,0.31757705472409725,0.6761203072965145,0.05753179546445608,0.9900688361376524,0.9349072175100446,0.42738079000264406,0.42471463419497013,0.5635711885988712,0.3346603587269783,0.03181666973978281,0.9663504799827933,0.12102414201945066,0.19754699617624283,0.9294662540778518,0.3328069671988487,0.8841657983139157,0.8809389071539044,0.7480385405942798,0.6839516060426831,0.44971707463264465,0.05961897596716881,0.8355392515659332,0.0383342495188117,0.9045485835522413,0.2937287036329508,0.7314997659996152,0.5806416738778353,0.7839712128043175,0.9210516111925244,0.3692082539200783,0.7039818502962589,0.6121884509921074,0.5460112132132053,0.1542691681534052,0.4036707766354084,0.48806046694517136,0.7234751982614398,0.6611442966386676,0.9790075961500406,0.6883835550397635,0.6869890969246626,0.7212339024990797,0.9967158744111657,0.9322685087099671,0.37988895177841187,0.5588775873184204,0.396850717253983,0.8937249081209302,0.3154739551246166,0.8637140300124884,0.6430752919986844,0.13290005456656218
155,sobol,aligned10,0,1.4843388001461952,1.437417446165087,2.1983241321133957,2.301060612349293,2.8386597929611903,nan,nan,3.5320408642292023e-06,0,0,ok,,nan,nan,nan,nan,nan,nan,nan,nan,nan,nan,nan,nan,-0.016038073158066428,0.9384850306546887,0,0.5059531508013606,0.04619085416197777,0.3683577058836818,0.430018019862473,0.4002347895875573,0.9452847326174378,0.9267534920945764,0.06969908438622952,0.5959243923425674,0.18266705889254808,0.6028329581022263,0.37927997298538685,0.7046547159552574,0.6174829937517643,0.1665928177535534,0.2013378543779254,0.9297667974606156,0.7436820780858397,0.9625228857621551,0.6941971248015761,0.12112959939986467,0.33375034760683775,0.2778296824544668,0.35900543816387653,0.014977485872805119,0.42120124120265245,0.021680877543985844,0.22830344270914793,0.3216359056532383,0.6928149983286858,0.5181263564154506,0.37002282310277224,0.39586889185011387,0.09465715941041708,0.8207941530272365,0.908463922329247,0.13952989224344492,0.5047787586227059,0.2824683468788862,0.8742732303217053,0.33120011910796165,0.1785654304549098,0.6258235909044743,0.8516994817182422,0.97891382034868,0.543025990948081,0.11345481965690851,0.5688294358551502,0.8347001634538174,0.48187726736068726,0.964638277888298,0.12473200634121895,0.3343425178900361,0.7609107987955213,0.72285764105618,0.21345071028918028,0.9814526150003076,0.9068929515779018,0.12529672216624022,0.8371700122952461,0.66255684196949,0.10848295129835606,0.6275854827836156,0.1775600640103221,0.24737410992383957,0.35364389047026634,0.20712538342922926,0.9695394914597273,0.6443225676193833,0.23693997785449028,0.6924115568399429,0.4411606537178159,0.7853955859318376,0.13636390399187803,0.4737248197197914,0.3775015324354172,0.267689417116344,0.7746416833251715,0.11445509735494852,0.05508773121982813,0.42011645156890154,0.5405103117227554,0.5080759488046169,0.8552759001031518,0.30008179787546396,0.2956700948998332,0.47770764771848917,0.255969550460577,0.37738215271383524,0.3794724475592375,0.4355261651799083,0.44423029012978077,0.9562623426318169,0.3228655606508255,0.7882430832833052,0.13352795224636793,0.6486624628305435,0.11283956840634346,0.44228161964565516,0.9838472073897719
156,sobol,aligned10,0,1.5432218836416214,1.4855244730018622,2.1983241321133957,2.301060612349293,2.8386597929611903,nan,nan,3.363005816936493e-06,0,0,ok,,nan,nan,nan,nan,nan,nan,nan,nan,nan,nan,nan,nan,-0.006420272688167317,0.9431045096491355,0,0.730519431643188,0.9415509235113859,0.032287782058119774,0.32319496013224125,0.3055663388222456,0.6859255768358707,0.11843828484416008,0.6060191132128239,0.4696755576878786,0.8431498100981116,0.3212201725691557,0.27252195682376623,0.3644900918006897,0.7958645448088646,0.08601899817585945,0.0539169991388917,0.8163066115230322,0.6243392257019877,0.11864968482404947,0.015765457414090633,0.7492036409676075,0.03302937280386686,0.7898602075874805,0.41314251255244017,0.20672476291656494,0.9210552340373397,0.7746250359341502,0.9656959557905793,0.8526205839589238,0.7506850557401776,0.12425647024065256,0.9860228002071381,0.3288407037034631,0.8810633542016149,0.42003639321774244,0.2885683514177799,0.38429554272443056,0.7450713664293289,0.8638537861406803,0.9475287059322,0.40952088590711355,0.5217024022713304,0.05188295617699623,0.898826414719224,0.22398645244538784,0.4828920904546976,0.3787746550515294,0.05326878558844328,0.6061246115714312,0.26047916151583195,0.28206181339919567,0.20254508685320616,0.15298680122941732,0.2805245593190193,0.9300369881093502,0.02799923997372389,0.8386901933699846,0.8178398609161377,0.8171448921784759,0.12552609387785196,0.29928438924252987,0.16623864043504,0.46244844142347574,0.45283756870776415,0.06858517974615097,0.7911262195557356,0.5907259965315461,0.18614289816468954,0.13459521159529686,0.2986136181280017,0.7876512948423624,0.22168458625674248,0.4928838396444917,0.5756285367533565,0.28712508361786604,0.17210520524531603,0.3953209612518549,0.9621777310967445,0.5171883571892977,0.7363595841452479,0.02888803370296955,0.6759411357343197,0.8431891072541475,0.322206549346447,0.9384278124198318,0.0198464198037982,0.661171548999846,0.8705737181007862,0.2530453335493803,0.2679659351706505,0.3107926622033119,0.6142892232164741,0.6008234256878495,0.08678189944475889,0.5177141269668937,0.707742310129106,0.18520847987383604,0.3670295188203454,0.5676886728033423,0.1050185989588499
157,sobol,aligned10,0,-0.02813821333659887,0.09449561983866989,2.1983241321133957,2.301060612349293,2.8386597929611903,nan,nan,3.3848918974399567e-06,0,0,ok,,nan,nan,nan,nan,nan,nan,nan,nan,nan,nan,nan,nan,0.003450059517754904,0.9481449855691056,0,0.2845751792192459,0.23216635920107365,0.786378925666213,0.8041785834357142,0.8697530031204224,0.2915400369092822,0.8220824291929603,0.24167598877102137,0.6797955883666873,0.45358450897037983,0.6524437386542559,0.865415008738637,0.6023532310500741,0.2926229042932391,0.8434962248429656,0.7357643935829401,0.4189234124496579,0.31136135943233967,0.7634478220716119,0.9561190837994218,0.37948761601001024,0.7358474005013704,0.4900067700073123,0.7366250166669488,0.6137400856241584,0.3342207036912441,0.1706107910722494,0.32384203001856804,0.09149145986884832,0.2997431820258498,0.6457558451220393,0.12856968399137259,0.9083881415426731,0.1370581081137061,0.5548139857128263,0.6202890127897263,0.7361130872741342,0.07778818905353546,0.44016240257769823,0.2025089906528592,0.8241623062640429,0.3619550187140703,0.9969774531200528,0.35032474994659424,0.8674685778096318,0.8567106770351529,0.6979235950857401,0.8321471260860562,0.12415561825037003,0.5816147532314062,0.6894204849377275,0.817424283362925,0.6168713821098208,0.9080149009823799,0.23293760791420937,0.6319648288190365,0.4700976116582751,0.19267212320119143,0.02443914394825697,0.9083526376634836,0.8420832883566618,0.8622219786047935,0.5155125968158245,0.737320582382381,0.8099376456812024,0.18530539516359568,0.05139978136867285,0.6433731550350785,0.538173102773726,0.6454476481303573,0.442171354778111,0.6865202998742461,0.9846763703972101,0.04283591825515032,0.6421498591080308,0.5160932885482907,0.7909929640591145,0.43206428550183773,0.17606727685779333,0.18018084205687046,0.9030542774125934,0.0006517823785543442,0.19770109094679356,0.9550625989213586,0.02287748921662569,0.9058445720002055,0.1627459768205881,0.18510751239955425,0.5606239819899201,0.6137500777840614,0.8741223011165857,0.00906725600361824,0.047888548113405704,0.7949618054553866,0.15958642587065697,0.4523218283429742,0.8501821970567107,0.6095421640202403,0.2687645060941577,0.7626139093190432
158,sobol,aligned10,0,-1.3874490910554291,-1.2960197551201524,2.1983241321133957,2.301060612349293,2.8386597929611903,nan,nan,3.375113010406494e-06,0,0,ok,,nan,nan,nan,nan,nan,nan,nan,nan,nan,nan,nan,nan,0.0032501337401957034,0.9451430838977042,0,0.13621486723423004,0.7103670490905643,0.4405922554433346,0.07793715875595808,0.6620924472808838,0.19838393572717905,0.406820185482502,0.3697847034782171,0.8607989996671677,0.02251327969133854,0.7949750190600753,0.6550834216177464,0.17018653359264135,0.6601938493549824,0.6998376650735736,0.47688870318233967,0.12102527264505625,0.9861308950930834,0.5107991062104702,0.48490112368017435,0.9177441243082285,0.8635075241327286,0.5780344745144248,0.2423238828778267,0.29797743912786245,0.1326046697795391,0.6385194109752774,0.04725039843469858,0.6447309805080295,0.025947706773877144,0.26279474794864655,0.6424839515239,0.23320032004266977,0.46454201731830835,0.8832100694999099,0.7563697835430503,0.020142694003880024,0.8011722201481462,0.6497537679970264,0.5715263448655605,0.20925715751945972,0.10814880207180977,0.4305749014019966,0.7282015336677432,0.5323411487042904,0.09537725057452917,0.20501723792403936,0.4449485456570983,0.4943534228950739,0.9882318936288357,0.24699017778038979,0.42129557114094496,0.8462302284315228,0.10171069763600826,0.5307569094002247,0.984204076230526,0.5547525770962238,0.31520816404372454,0.36222859658300877,0.5130334291607141,0.11858208198100328,0.7114340038970113,0.8537253895774484,0.7683401787653565,0.61081104259938,0.44247579388320446,0.4151222473010421,0.7642987025901675,0.2516613295301795,0.8791871657595038,0.5977595709264278,0.8435071930289268,0.6266892617568374,0.38390443567186594,0.8861418347805738,0.9547290615737438,0.07807929068803787,0.6513322247192264,0.8961744643747807,0.33314579725265503,0.637654097750783,0.33027658239006996,0.6849401192739606,0.0017900420352816582,0.4877360314130783,0.5408951714634895,0.32004160434007645,0.5135033624246716,0.2031117072328925,0.8754154108464718,0.1408475674688816,0.3064237982034683,0.7697307989001274,0.4380714436993003,0.34453079476952553,0.7723245192319155,0.5522862458601594,0.1630144827067852,0.9983320385217667,0.5898080728948116
159,sobol,aligned10,0,-0.27544470659322867,-0.34810461921298624,2.1983241321133957,2.301060612349293,2.8386597929611903,nan,nan,3.4659169614315033e-06,0,0,ok,,nan,nan,nan,nan,nan,nan,nan,nan,nan,nan,nan,nan,-0.005496402264808227,0.9485591903608668,0,0.8164712963625789,0.4989723851904273,0.6948016546666622,0.5491020027548075,0.22630873136222363,0.8435634132474661,0.6407371116802096,0.9699763087555766,0.04063319507986307,0.6485267346724868,0.24509490560740232,0.2499335492029786,0.9255020301789045,0.1575758522376418,0.4482807293534279,0.794981942512095,0.6454532090574503,0.17216120939701796,0.3747134543955326,0.5505289426073432,0.20356092136353254,0.41055622044950724,0.14354342222213745,0.9193143863230944,0.8974268510937691,0.6238915538415313,0.3069910705089569,0.6632087342441082,0.4067951822653413,0.5398501753807068,0.9759750757366419,0.47259288001805544,0.527614813297987,0.7049461929127574,0.02962906751781702,0.08870961796492338,0.8563353577628732,0.3761680955067277,0.04635223466902971,0.3243570402264595,0.56146155949682,0.7599029382690787,0.6105338120833039,0.022902757860720158,0.4336360013112426,0.7212686687707901,0.8989332094788551,0.6613268936052918,0.9782657623291016,0.16685035824775696,0.7790880231186748,0.5361528182402253,0.3843369269743562,0.7096315231174231,0.32190732285380363,0.36362143512815237,0.1285469802096486,0.6904064789414406,0.5460634212940931,0.29683867935091257,0.5208172099664807,0.25031280517578125,0.1839308775961399,0.04537691082805395,0.25989928655326366,0.5808260524645448,0.9387843022122979,0.28408822882920504,0.9213487450033426,0.0327086029574275,0.1312162159010768,0.2521905330941081,0.1340460516512394,0.9840793972834945,0.059461209923028946,0.36121708527207375,0.737064590677619,0.24400622118264437,0.29735534731298685,0.7809343421831727,0.2635331703349948,0.9753082375973463,0.2895436557009816,0.6502621490508318,0.5360683370381594,0.4083530008792877,0.8164834184572101,0.44839735236018896,0.9872699603438377,0.22505060955882072,0.704482501372695,0.8179016066715121,0.3144673705101013,0.6779895117506385,0.9546111738309264,0.012982118874788284,0.48313864041119814,0.907287610694766,0.16423768177628517,0.30916574597358704
160,sobol,aligned10,0,-1.7032419353120374,-1.636670796170104,2.1983241321133957,2.301060612349293,2.8386597929611903,nan,nan,3.2100360840559006e-06,0,0,ok,,nan,nan,nan,nan,nan,nan,nan,nan,nan,nan,nan,nan,-0.007183579166860854,0.9458295899557503,0,0.8342134561389685,0.98295524623245,0.8347966764122248,0.9174718633294106,0.7810183381661773,0.9628313686698675,0.4704710114747286,0.8259466402232647,0.7304491344839334,0.08670304995030165,0.3791952319443226,0.5377193037420511,0.137247022241354,0.8054436584934592,0.03833270911127329,0.038796812295913696,0.7069452060386539,0.40785074420273304,0.9286737898364663,0.645887928083539,0.034869326278567314,0.8382325368002057,0.26028391532599926,0.21294257137924433,0.10313515365123749,0.09785130713135004,0.4948645243421197,0.9950170340016484,0.11900478415191174,0.9048268226906657,0.9935165615752339,0.8354803826659918,0.29810365941375494,0.4377497071400285,0.651414729654789,0.6251346012577415,0.49059400614351034,0.26381850987672806,0.9155372828245163,0.46677607484161854,0.018570993095636368,0.9883034080266953,0.8241570582613349,0.19509375281631947,0.1288519175723195,0.11628285516053438,0.7840796709060669,0.4160637389868498,0.6686744140461087,0.7947078552097082,0.7155647333711386,0.01396012119948864,0.9010733058676124,0.9274574890732765,0.33387964498251677,0.9308345867320895,0.07132835034281015,0.8411424430087209,0.8828109372407198,0.6874054092913866,0.8616341585293412,0.4336441894993186,0.11486267950385809,0.9663284700363874,0.8163845166563988,0.5270398715510964,0.8134360583499074,0.3578328723087907,0.4015997527167201,0.17635440919548273,0.959490024484694,0.1905899215489626,0.3311157841235399,0.11250217724591494,0.167589221149683,0.736093363724649,0.24838702846318483,0.34351301845163107,0.6279604686424136,0.7871202332898974,0.7954544043168426,0.830956319347024,0.9639384523034096,0.33888942282646894,0.3566605607047677,0.49825557321310043,0.965833374299109,0.34269473422318697,0.14610206708312035,0.8946408750489354,0.06007718574255705,0.6670949449762702,0.8103848127648234,0.9025114672258496,0.5003596693277359,0.5760901654139161,0.7791121928021312,0.6428828565403819,0.7535664346069098,0.3149187657982111
161,sobol,aligned10,0,-0.02178505832248326,-0.2068038391618342,2.1983241321133957,2.301060612349293,2.8386597929611903,nan,nan,3.4638214856386185e-06,0,0,ok,,nan,nan,nan,nan,nan,nan,nan,nan,nan,nan,nan,nan,-0.01771810311807313,0.9522569623513715,0,0.1497456030920148,0.19440927635878325,0.08058346249163151,0.45991788897663355,0.34133023861795664,0.07529559079557657,0.7043885597959161,0.45915740076452494,0.42488168459385633,0.7107637505978346,0.5788422748446465,0.07006560917943716,0.8920663418248296,0.3101366125047207,0.7821372244507074,0.7205825773999095,0.059535302221775055,0.7188908336684108,0.18974415306001902,0.33431847766041756,0.8359511410817504,0.3848043940961361,0.9605201045051217,0.8899483485147357,0.7014605542644858,0.6534721199423075,0.5754320956766605,0.35708580166101456,0.8255875520408154,0.418787376023829,0.2686784928664565,0.03662145230919123,0.9411966148763895,0.6974371774122119,0.26289123110473156,0.4652717960998416,0.6387830106541514,0.9330529049038887,0.2809348637238145,0.7117957975715399,0.7457733610644937,0.14120767544955015,0.12710842303931713,0.5557587668299675,0.7801698949187994,0.738449240103364,0.10505752917379141,0.6959187239408493,0.18671305384486914,0.11418999172747135,0.31017586681991816,0.879053745418787,0.36105069797486067,0.26095614582300186,0.5031438497826457,0.28383897617459297,0.7370398342609406,0.21621880680322647,0.21310671232640743,0.40360230300575495,0.27971157524734735,0.5984997618943453,0.9100954923778772,0.21993150562047958,0.05530249048024416,0.3871311005204916,0.2897339416667819,0.8146053915843368,0.8027095403522253,0.7672185720875859,0.3015215899795294,0.6551070893183351,0.8397581288591027,0.5211161626502872,0.777432082220912,0.07960867788642645,0.565842161886394,0.8094938034191728,0.03794563375413418,0.3560016769915819,0.17152799479663372,0.4749947041273117,0.07621952891349792,0.9404858592897654,0.6822754023596644,0.6151793450117111,0.4674669895321131,0.648499040864408,0.9146180404350162,0.23634320218116045,0.6219381624832749,0.2103051133453846,0.35535609256476164,0.22948018182069063,0.1729409722611308,0.3344632228836417,0.19433197285979986,0.396189303137362,0.08374700136482716,0.5362292435020208
162,sobol,aligned10,0,0.23487826242794174,0.220171959985202,2.1983241321133957,2.301060612349293,2.8386597929611903,nan,nan,3.2838433980941772e-06,0,0,ok,,nan,nan,nan,nan,nan,nan,nan,nan,nan,nan,nan,nan,-0.017743207779828747,0.9493134014496143,0,0.29813643265515566,0.7478190753608942,0.6766905933618546,0.6701693842187524,0.12780267838388681,0.4186634076759219,0.05475517176091671,0.08983000926673412,0.11961819976568222,0.7662648912519217,0.9713587732985616,0.42125769052654505,0.33589171152561903,0.674045535735786,0.6757500674575567,0.4930185927078128,0.4803566373884678,0.04613167326897383,0.44192465022206306,0.8650460131466389,0.3665729761123657,0.015321789309382439,0.10717207659035921,0.3800069410353899,0.3858149712905288,0.8250264618545771,0.10773662384599447,0.021822703070938587,0.3798728957772255,0.12956023588776588,0.6362128295004368,0.5544454641640186,0.1398529326543212,0.9040714846923947,0.18503683432936668,0.1580541469156742,0.10496059712022543,0.18818640802055597,0.5667018890380859,0.09228624310344458,0.3497112551704049,0.3872162075713277,0.6935109673067927,0.4277913896366954,0.5700206225737929,0.49293152987957,0.6101389098912477,0.08898967690765858,0.30678121466189623,0.45758017897605896,0.7505004666745663,0.35768291912972927,0.09820668119937181,0.6902481224387884,0.2370669124647975,0.07258735597133636,0.29276600386947393,0.3387691378593445,0.4236535420641303,0.04903601203113794,0.5559471566230059,0.9518639063462615,0.6934982454404235,0.25093972124159336,0.36398719530552626,0.23897154722362757,0.17678799014538527,0.7171166287735105,0.018906190991401672,0.5010687010362744,0.6445983638986945,0.8749201353639364,0.5411237888038158,0.9290634831413627,0.5067763263359666,0.3909695651382208,0.2865073001012206,0.027779269963502884,0.7570762755349278,0.1261550709605217,0.43741787131875753,0.1767419744282961,0.5557810207828879,0.01867830753326416,0.8425074573606253,0.9409342957660556,0.062201373279094696,0.03936434164643288,0.33737595099955797,0.2559430683031678,0.39452709909528494,0.47640223801136017,0.5770246107131243,0.5042853513732553,0.36200430523604155,0.8901855908334255,0.39637127611786127,0.8158729206770658,0.680404775775969,0.8613483235239983
163,sobol,aligned10,0,1.4658983159717924,1.4845335644005226,2.1983241321133957,2.301060612349293,2.8386597929611903,nan,nan,3.481050953269005e-06,0,0,ok,,nan,nan,nan,nan,nan,nan,nan,nan,nan,nan,nan,nan,-0.01619338280922893,0.946602472986912,0,0.7481700386852026,0.45738459937274456,0.4226032644510269,0.20682495087385178,0.688081226311624,0.5550390370190144,0.7583986269310117,0.6875831289216876,0.7837668219581246,0.40599588584154844,0.05308570060878992,0.9516545794904232,0.572266848757863,0.17911799252033234,0.42614733148366213,0.8110499605536461,0.7548723137006164,0.8581330645829439,0.6721112243831158,0.17869065888226032,0.5126102501526475,0.718639544211328,0.6725303623825312,0.7035047188401222,0.7937201783061028,0.4275182047858834,0.9627125877887011,0.6260792091488838,0.6721490565687418,0.6786766853183508,0.09475499205291271,0.31814858596771955,0.6227970886975527,0.1481071626767516,0.7922569308429956,0.9976026862859726,0.7687747208401561,0.6151417503133416,0.23670376185327768,0.839455540291965,0.8893544711172581,0.7266810890287161,0.2655061949044466,0.8211080068722367,0.4635253958404064,0.8710855385288596,0.30637255776673555,0.8063446842133999,0.7907011872157454,0.6383294425904751,0.22033905517309904,0.7228137813508511,0.640220538713038,0.12145655415952206,0.9102669460698962,0.7049495568498969,0.89109050296247,0.7137233512476087,0.7305490029975772,0.7662073243409395,0.08346071280539036,0.02187083102762699,0.26591101475059986,0.5588640533387661,0.515512315556407,0.8470791932195425,0.7160741584375501,0.23644837271422148,0.6851565735414624,0.4103387827053666,0.11556638777256012,0.2832849891856313,0.034079804085195065,0.45502027962356806,0.42332449834793806,0.7969848196953535,0.8987698638811707,0.62436000443995,0.40910400450229645,0.6988817313686013,0.5612980406731367,0.5004612877964973,0.4179705446586013,0.635906302370131,0.13392752781510353,0.0705695329234004,0.5587060702964664,0.983109949156642,0.5980966482311487,0.5937910014763474,0.9557168083265424,0.9019362283870578,0.0243243221193552,0.3620159039273858,0.9413775280117989,0.14463754929602146,0.5769776375964284,0.06693060323596,0.4832579316571355,0.020897332578897476
164,sobol,aligned10,0,1.020833444694001,1.0811140090570004,2.1983241321133957,2.301060612349293,2.8386597929611903,nan,nan,3.4580007195472717e-06,0,0,ok,,nan,nan,nan,nan,nan,nan,nan,nan,nan,nan,nan,nan,-0.007156238304466604,0.9507390236878801,0,0.5197356548160315,0.5617291294038296,0.22715816367417574,0.03264167811721563,0.5953716412186623,0.8142389291897416,0.19250718504190445,0.23032663110643625,0.15659864526242018,0.6209215158596635,0.7734256228432059,0.8408834794536233,0.48308455385267735,0.47052333876490593,0.3192058326676488,0.9449402038007975,0.9990695640444756,0.9769875463098288,0.26646888442337513,0.5937724504619837,0.14044158160686493,0.9179224735125899,0.12892799824476242,0.5243616262450814,0.9846079582348466,0.9273726893588901,0.20979918539524078,0.425834396854043,0.1406570253893733,0.8625101400539279,0.5124123431742191,0.9516603257507086,0.6800374472513795,0.8607857497408986,0.4503369424492121,0.3678651535883546,0.5198880424723029,0.6366614699363708,0.6638605473563075,0.9830311527475715,0.8738312562927604,0.07128874585032463,0.9317319858819246,0.9302618876099586,0.7085673930123448,0.1811889735981822,0.20145312789827585,0.3215533075854182,0.5192789966240525,0.6039277818053961,0.5261168973520398,0.5829736916348338,0.8177510788664222,0.6017570002004504,0.742623602040112,0.5233432715758681,0.7887362139299512,0.5615427577868104,0.28964758571237326,0.19660315196961164,0.9389207325875759,0.2063336269930005,0.5736204888671637,0.818482207134366,0.6763569097965956,0.2845071591436863,0.08373023476451635,0.9182636458426714,0.16358838975429535,0.1008624117821455,0.3963568154722452,0.0026078708469867706,0.7484661331400275,0.7725972766056657,0.36172477155923843,0.50262192171067,0.7798043563961983,0.6866705305874348,0.943627561442554,0.0017374036833643913,0.8880738476291299,0.6534826196730137,0.2452755058184266,0.16512662172317505,0.6197502706199884,0.3621439291164279,0.35960161220282316,0.3944056537002325,0.7237447174265981,0.7411936959251761,0.8292143624275923,0.039525484666228294,0.4188245488330722,0.09468203224241734,0.7411611014977098,0.6954124998301268,0.10479179583489895,0.31330808345228434,0.6088199345394969,0.8921900810673833
165,sobol,aligned10,0,-1.235415819182399,-1.2925235833786926,2.1983241321133957,2.301060612349293,2.8386597929611903,nan,nan,3.429129719734192e-06,0,0,ok,,nan,nan,nan,nan,nan,nan,nan,nan,nan,nan,nan,nan,-0.000925997801445588,0.9512057022413659,0,0.46423127222806215,0.2721443697810173,0.9812495457008481,0.5907205399125814,0.03509502671658993,0.20818292163312435,0.9899006141349673,0.6095698140561581,0.992880130186677,0.23904426768422127,0.19047218840569258,0.30877750739455223,0.7376636667177081,0.9731543948873878,0.5639257561415434,0.2517256075516343,0.2657001717016101,0.16592465993016958,0.5980499032884836,0.40936974808573723,0.9887416446581483,0.3707288336008787,0.5869788443669677,0.32587149273604155,0.33585736714303493,0.3249121606349945,0.8450558083131909,0.7844837745651603,0.9108384260907769,0.3138797068968415,0.22537901811301708,0.18411338422447443,0.0730615071952343,0.12022538390010595,0.5889665745198727,0.5360216172412038,0.3555865837261081,0.06117516756057739,0.017475003376603127,0.23000247310847044,0.3968729320913553,0.7933449065312743,0.11310036759823561,0.3186375070363283,0.3208300229161978,0.5573398135602474,0.8820505421608686,0.5428131045773625,0.00020061712712049484,0.30007109977304935,0.4957193899899721,0.46738498751074076,0.4203080264851451,0.20970727037638426,0.42058941442519426,0.13713575154542923,0.4024454616010189,0.436741229146719,0.6146176187321544,0.980455607175827,0.4192233122885227,0.7613266780972481,0.40337261836975813,0.11969279125332832,0.4529327927157283,0.6763061163946986,0.5605163956061006,0.37500419840216637,0.5090570049360394,0.9399396050721407,0.8667910294607282,0.5931006511673331,0.24080058559775352,0.3608970856294036,0.6932844985276461,0.15909493993967772,0.40985112451016903,0.21489189006388187,0.34724957309663296,0.5735402051359415,0.012015022337436676,0.04068651609122753,0.8576328763738275,0.547964476980269,0.4189523831009865,0.743236499838531,0.8628831133246422,0.5831467621028423,0.461026007309556,0.3914955547079444,0.26588472351431847,0.5822507264092565,0.9949632314965129,0.771619776263833,0.0700524840503931,0.4565931037068367,0.9223629478365183,0.5695135844871402,0.30569963809102774,0.2411844888702035
166,sobol,aligned10,0,1.127382827265915,1.0836455799506437,2.1983241321133957,2.301060612349293,2.8386597929611903,nan,nan,3.2188836485147476e-06,0,0,ok,,nan,nan,nan,nan,nan,nan,nan,nan,nan,nan,nan,nan,-0.008362683472415186,0.9531353211882756,0,0.11256106663495302,0.7934358501806855,0.26040160562843084,0.2854673471301794,0.4967839028686285,0.3012760765850544,0.27826691791415215,0.9979331446811557,0.5486929276958108,0.3005286566913128,0.3604621347039938,0.20782949961721897,0.05256729293614626,0.1046680212020874,0.9554844964295626,0.5244059571996331,0.19436637219041586,0.6005321806296706,0.8463616138324142,0.8756440989673138,0.4640113692730665,0.248149823397398,0.4719120590016246,0.820187883451581,0.5182581972330809,0.15357090532779694,0.3146777059882879,0.5866122338920832,0.3566031502559781,0.10261642560362816,0.873607006855309,0.6706873960793018,0.7560279676690698,0.2939006993547082,0.9798092525452375,0.8371967989951372,0.8842508187517524,0.8177699530497193,0.8222811846062541,0.6073205936700106,0.5115487221628428,0.5473337480798364,0.5545639675110579,0.6966506326571107,0.017395219765603542,0.3030711915344,0.4027259899303317,0.18009099271148443,0.38001240883022547,0.14369213581085205,0.9438488921150565,0.8017308665439487,0.1828697742894292,0.7806012826040387,0.8431070270016789,0.47326530143618584,0.5677905408665538,0.0553862638771534,0.7799865696579218,0.5669064074754715,0.6351866787299514,0.6581470789387822,0.24301820807158947,0.401685019955039,0.12874468136578798,0.9495295621454716,0.9065548190847039,0.027790574356913567,0.2967658815905452,0.7058338914066553,0.21024927124381065,0.9359538853168488,0.38220872078090906,0.2063448755070567,0.9678159849718213,0.346891226246953,0.693107733502984,0.9966631596907973,0.5648855688050389,0.9130072593688965,0.2773546287789941,0.37032848224043846,0.27455721609294415,0.46992218773812056,0.07140344101935625,0.8275419697165489,0.6431035492569208,0.22410365100950003,0.7910138182342052,0.09858022164553404,0.7494188416749239,0.8483516657724977,0.21866741217672825,0.49290761165320873,0.37902032025158405,0.760240281932056,0.7220583893358707,0.14248668029904366,0.9574759416282177,0.40810057427734137
167,sobol,aligned10,0,-0.7710223762361097,-0.6975354683316113,2.1983241321133957,2.301060612349293,2.8386597929611903,nan,nan,3.508990630507469e-06,0,0,ok,,nan,nan,nan,nan,nan,nan,nan,nan,nan,nan,nan,nan,-0.0015618121506287784,0.9543085590726871,0,0.9337532725185156,0.0057472409680485725,0.5146112432703376,0.8377400180324912,0.9364700689911842,0.6566602243110538,0.5434345593675971,0.34965325705707073,0.3527316376566887,0.9342311033979058,0.6620301399379969,0.677680573426187,0.7892136313021183,0.6078961370512843,0.20875029359012842,0.21743720956146717,0.5391553826630116,0.2885385062545538,0.02157056238502264,0.06602824665606022,0.6568090980872512,0.545202081091702,0.8107057027518749,0.018174491822719574,0.17714561615139246,0.5979818208143115,0.7399636683985591,0.20307435002177954,0.5874779438599944,0.5891426037997007,0.39544210489839315,0.46557852905243635,0.4889189638197422,0.5376959322020411,0.1224830225110054,0.004979660734534264,0.2355744792148471,0.4845627034083009,0.49626130796968937,0.3525352533906698,0.22214950527995825,0.33290558494627476,0.4981421818956733,0.05420188885182142,0.8874705992639065,0.9271491849794984,0.7080909125506878,0.963850767351687,0.8971278918907046,0.9473184011876583,0.03871125727891922,0.18611827585846186,0.5783978262916207,0.40806027222424746,0.009322603233158588,0.8741062311455607,0.24887938238680363,0.9302183697000146,0.06587217561900616,0.34978397469967604,0.2249257555231452,0.368291512131691,0.7956213755533099,0.6639551669359207,0.9927325174212456,0.08940585236996412,0.445352709852159,0.5470941960811615,0.8761250879615545,0.3671336229890585,0.551807570271194,0.4722474766895175,0.890229033306241,0.6776149095967412,0.10205273237079382,0.9408643040806055,0.11771779134869576,0.406003319658339,0.22620566189289093,0.48084277752786875,0.6534892842173576,0.9528363700956106,0.63694510422647,0.8683782462030649,0.9048002054914832,0.1920168250799179,0.14174453262239695,0.784668249078095,0.020469198934733868,0.7528590215370059,0.18578390777111053,0.27437821216881275,0.6346346456557512,0.6390835177153349,0.8020815560594201,0.017499920912086964,0.305000863969326,0.8965654876083136,0.1270284578204155,0.6938716499134898
168,sobol,aligned10,0,-0.111091293968984,-0.014249323737214933,2.1983241321133957,2.301060612349293,2.8386597929611903,nan,nan,3.4170225262641907e-06,0,0,ok,,nan,nan,nan,nan,nan,nan,nan,nan,nan,nan,nan,nan,-0.006141934555899501,0.9533033147475347,0,0.9540517488494515,0.6698036603629589,0.3378129955381155,0.5353427501395345,0.25386236049234867,0.593758407048881,0.14224713947623968,0.18117686081677675,0.22510753106325865,0.4512036629021168,0.7201394326984882,0.5777086149901152,0.652742026373744,0.056143300607800484,0.7175461603328586,0.9334635268896818,0.43101265747100115,0.7641952401027083,0.35909729916602373,0.7541876742616296,0.23727427795529366,0.2576060341671109,0.43524667154997587,0.6215403936803341,0.2861932860687375,0.052881186828017235,0.5427097585052252,0.8204618971794844,0.9499934315681458,0.0004574041813611984,0.5908992439508438,0.29909235145896673,0.3161379797384143,0.7750113736838102,0.373513569124043,0.7668193317949772,0.30833059549331665,0.5223160944879055,0.5236082645133138,0.6450787736102939,0.6511970404535532,0.9038734575733542,0.3747809175401926,0.09245912171900272,0.095896334387362,0.3752409378066659,0.546380921266973,0.029342638328671455,0.9407889004796743,0.8497731629759073,0.3385602682828903,0.40387911070138216,0.7853917963802814,0.1607254957780242,0.9995737867429852,0.6016576122492552,0.45033451449126005,0.13859560526907444,0.9482602290809155,0.8249404421076179,0.3125266870483756,0.4820114318281412,0.47394080832600594,0.023519115522503853,0.09019415825605392,0.7605109876021743,0.039056768640875816,0.4882791042327881,0.9499315964058042,0.9013229552656412,0.5774676213040948,0.354751824401319,0.6127086561173201,0.05706376861780882,0.29859986063092947,0.023712213151156902,0.5085713714361191,0.4471634905785322,0.10001279227435589,0.2697071982547641,0.971661290153861,0.4058686774224043,0.761226030997932,0.419966759160161,0.957672730088234,0.2998242462053895,0.9070540843531489,0.9142792681232095,0.5284656705334783,0.8160866778343916,0.8754894379526377,0.4315835302695632,0.5050144158303738,0.97411257494241,0.48394650872796774,0.5105389365926385,0.3449418405070901,0.2759177638217807,0.004570236429572105,0.9950753804296255
169,sobol,aligned10,0,0.7513362511949252,0.7570545991273999,2.1983241321133957,2.301060612349293,2.8386597929611903,nan,nan,3.4659169614315033e-06,0,0,ok,,nan,nan,nan,nan,nan,nan,nan,nan,nan,nan,nan,nan,-0.006762936682604142,0.9505127873566469,0,0.03085358627140522,0.3793713226914406,0.5915343519300222,0.08762327209115028,0.8141578324139118,0.48916641995310783,0.9073529355227947,0.533629447221756,0.9359603244811296,0.813547276891768,0.3023528680205345,0.04560274165123701,0.37657086458057165,0.5587765285745263,0.4623272344470024,0.37258864659816027,0.8342466782778502,0.07720365189015865,0.5264176474884152,0.19481644686311483,0.8840918065980077,0.9605499617755413,0.8443756885826588,0.29024537466466427,0.877777898684144,0.7023414047434926,0.40258713345974684,0.46816041599959135,0.24262102134525776,0.5489943437278271,0.17911008931696415,0.5627954080700874,0.9230449628084898,0.019474413245916367,0.7268275348469615,0.07560126483440399,0.5663771666586399,0.15972256287932396,0.1699342019855976,0.39217360224574804,0.1117978235706687,0.2432115264236927,0.6777418805286288,0.6566920429468155,0.9991750214248896,0.7529372405260801,0.349668525159359,0.8716794364154339,0.45394663140177727,0.061535632237792015,0.6831520413979888,0.5234350254759192,0.4523622468113899,0.5254908418282866,0.16533247847110033,0.23786524031311274,0.8658013809472322,0.7634888729080558,0.14723027497529984,0.10749804601073265,0.7931916927918792,0.5520181721076369,0.5500416764989495,0.7857891507446766,0.7880883412435651,0.1534392088651657,0.5778622180223465,0.9684568624943495,0.34618884325027466,0.06226958893239498,0.16902617923915386,0.8034454919397831,0.12066817004233599,0.5905849980190396,0.631162834353745,0.6797431884333491,0.17768819443881512,0.9168058633804321,0.6911426959559321,0.8424356449395418,0.09749503340572119,0.7921113409101963,0.15466318558901548,0.8027369035407901,0.003136204555630684,0.680427641607821,0.40966056287288666,0.10816831421107054,0.2814197037369013,0.036817414686083794,0.4393073543906212,0.9430613331496716,0.08113688603043556,0.1442066626623273,0.8425544090569019,0.2669588690623641,0.6816751481965184,0.5287758642807603,0.8308453876525164,0.15389391221106052
170,sobol,aligned10,0,-0.7702615551041434,-0.7495598091400264,2.1983241321133957,2.301060612349293,2.8386597929611903,nan,nan,3.436114639043808e-06,0,0,ok,,nan,nan,nan,nan,nan,nan,nan,nan,nan,nan,nan,nan,-0.0023035296950892643,0.9494844860262232,0,0.42921568639576435,0.936212950386107,0.18341528996825218,0.7822790034115314,0.6551878340542316,0.02076856605708599,0.3207841170951724,0.9216269915923476,0.6162318671122193,0.6312533030286431,0.13237055856734514,0.443676327355206,0.8194041708484292,0.4253059606999159,0.07270443812012672,0.5983824031427503,0.6262838263064623,0.6250904556363821,0.7790778502821922,0.7235297625884414,0.41217863000929356,0.5802030991762877,0.21340972185134888,0.7845154097303748,0.19482632167637348,0.780055564828217,0.9368414431810379,0.16074430756270885,0.548744460567832,0.7757205301895738,0.7960957074537873,0.08013114053755999,0.24785664957016706,0.3165017832070589,0.8359848568215966,0.2976176282390952,0.16271793842315674,0.9612408773973584,0.9901269795373082,0.7733965422958136,0.9841826995834708,0.47371924109756947,0.23638533614575863,0.29628659319132566,0.6625370336696506,0.015560034662485123,0.8723905654624104,0.48354911617934704,0.08374805562198162,0.4056508056819439,0.13141528703272343,0.24767157156020403,0.21300888620316982,0.4569786274805665,0.5866294773295522,0.4017335521057248,0.17177165765315294,0.6351251071318984,0.49722704384475946,0.4388900510966778,0.010852593928575516,0.9054420907050371,0.8348782919347286,0.6927720215171576,0.6045860229060054,0.4743948942050338,0.955127589404583,0.5661892853677273,0.567238038405776,0.2963638436049223,0.763453341089189,0.7104687495157123,0.2601536959409714,0.9980516890063882,0.902988264337182,0.8689580801874399,0.9570233691483736,0.13509730715304613,0.47106482833623886,0.6748125031590462,0.36289519630372524,0.6186595913022757,0.7279770411550999,0.2247866401448846,0.47574619110673666,0.7643731031566858,0.06481960602104664,0.717394545674324,0.9548522494733334,0.45473274029791355,0.5458773877471685,0.7394947186112404,0.8653886588290334,0.6222737142816186,0.6536889784038067,0.9459720142185688,0.9776216028258204,0.19892116449773312,0.4372134739533067,0.44779326394200325
171,sobol,aligned10,0,0.3770088810144229,0.20431025090930438,2.1983241321133957,2.301060612349293,2.8386597929611903,nan,nan,3.2170210033655167e-06,0,0,ok,,nan,nan,nan,nan,nan,nan,nan,nan,nan,nan,nan,nan,-0.0067945122998205746,0.9485132866829775,0,0.6180980959907174,0.1476686568930745,0.9370183907449245,0.34035001415759325,0.2155128512531519,0.8766418108716607,0.6181172505021095,0.3011143673211336,0.29679691791534424,0.009268175810575485,0.8315272787585855,0.91352728754282,0.08875390887260437,0.9285323144868016,0.8260313933715224,0.15907441638410091,0.10772393736988306,0.43902965541929007,0.10301440954208374,0.2888824352994561,0.7164515880867839,0.12739292439073324,0.5074362298473716,0.11533739138394594,0.5940833510830998,0.47638719342648983,0.008608032949268818,0.5506305648013949,0.2551903761923313,0.2891008658334613,0.4426866350695491,0.7812722716480494,0.5149125512689352,0.5766163766384125,0.20136748906224966,0.6060250056907535,0.9676396287977695,0.3565513985231519,0.316208366304636,0.01849055476486683,0.2572243753820658,0.6265100473538041,0.8083862280473113,0.9548176983371377,0.3080024868249893,0.6375128580257297,0.05091107822954655,0.6383858919143677,0.5686464942991734,0.6936462074518204,0.8512650253251195,0.8671292131766677,0.5479534212499857,0.8569232309237123,0.26407543290406466,0.7508929762989283,0.5198524929583073,0.26014034636318684,0.6571584390476346,0.7224225541576743,0.6007098965346813,0.07029750850051641,0.12550652865320444,0.4939824789762497,0.2658839803189039,0.6114331632852554,0.43192133121192455,0.10892975516617298,0.22863588016480207,0.6350631434470415,0.48388732224702835,0.13523666560649872,0.7525489507243037,0.3991012563928962,0.04212690889835358,0.4624891150742769,0.3581882230937481,0.7280154703184962,0.8198775099590421,0.24369573686271906,0.7370161702856421,0.20020609721541405,0.3715057484805584,0.6231883391737938,0.5475617693737149,0.13031369633972645,0.5642579207196832,0.27383355237543583,0.231257195584476,0.6794213447719812,0.1090240366756916,0.13427275698632002,0.28137019742280245,0.26160620246082544,0.04312750604003668,0.20628334768116474,0.04896832909435034,0.9495114274322987,0.7283470453694463,0.6698342338204384
172,sobol,aligned10,0,0.07370571257332281,0.42534228070565433,2.1983241321133957,2.301060612349293,2.8386597929611903,nan,nan,3.6400742828845978e-06,0,0,ok,,nan,nan,nan,nan,nan,nan,nan,nan,nan,nan,nan,nan,-0.004563097222412182,0.9462019961939995,0,0.6435371795669198,0.8714569946750998,0.7262094104662538,0.4200498554855585,0.12267353106290102,0.7423919849097729,0.4270421015098691,0.7808538526296616,0.6690794248133898,0.9815145116299391,0.11216391529887915,0.8008945630863309,0.9983507916331291,0.7191592315211892,0.9368638982996345,0.08982040360569954,0.14623272232711315,0.3196029393002391,0.9468852411955595,0.9855327839031816,0.0922971460968256,0.4906144058331847,0.04999977070838213,0.1860763244330883,0.684259545058012,0.9762742780148983,0.7576457029208541,0.256650828756392,0.7862513484433293,0.23221135698258877,0.9150276863947511,0.41728740837424994,0.6978760631754994,0.41471935249865055,0.5393791412934661,0.2281951028853655,0.7126189097762108,0.39360253885388374,0.771870968863368,0.16398138366639614,0.49131293687969446,0.03263528924435377,0.3889110302552581,0.7831940650939941,0.5510934451594949,0.3267990564927459,0.44123089872300625,0.24732266273349524,0.8714410308748484,0.5327186826616526,0.4030033377930522,0.9445151910185814,0.9960318095982075,0.3682277090847492,0.08010334800928831,0.9441645313054323,0.6596842771396041,0.4841208588331938,0.34803124610334635,0.30667230300605297,0.48743689991533756,0.1277475357055664,0.9645275147631764,0.12860256247222424,0.4172036927193403,0.04897658713161945,0.7995242811739445,0.7986813141033053,0.7343964334577322,0.8214506851509213,0.011755676940083504,0.41676970664411783,0.4668732611462474,0.8422797387465835,0.2268040431663394,0.22963388171046972,0.47666473407298326,0.5400479855015874,0.28433079831302166,0.5507038263604045,0.8135511726140976,0.0784328430891037,0.04225909896194935,0.08993870113044977,0.19048912357538939,0.4374019894748926,0.26359084341675043,0.8486809451133013,0.10705770179629326,0.5325164757668972,0.23056417610496283,0.8072003405541182,0.14462155476212502,0.025033483281731606,0.27454773895442486,0.6398700829595327,0.5231683738529682,0.695396781899035,0.3519538966938853,0.29012054298073053
173,sobol,aligned10,0,0.8719773449192519,0.8715023032890232,2.1983241321133957,2.301060612349293,2.8386597929611903,nan,nan,3.462890163064003e-06,0,0,ok,,nan,nan,nan,nan,nan,nan,nan,nan,nan,nan,nan,nan,-0.004110676356540882,0.9434820025595503,0,0.3413755465298891,0.08377004694193602,0.4726103628054261,0.9566975412890315,0.5623504025861621,0.3563218740746379,0.6306252088397741,0.37933934200555086,0.4900431139394641,0.34573744516819715,0.9122805325314403,0.3332407549023628,0.22239694837480783,0.2238504309207201,0.18060725554823875,0.6539454078301787,0.6197572471573949,0.5066021252423525,0.1847162451595068,0.048933773301541805,0.7863330719992518,0.7872928362339735,0.7325684297829866,0.9802619572728872,0.026830303482711315,0.2799094980582595,0.17220902629196644,0.8921399377286434,0.01723343040794134,0.7183404751121998,0.3149455664679408,0.7121784761548042,0.054851941764354706,0.6589421853423119,0.4359595188871026,0.9277058746665716,0.408186461776495,0.7874479778110981,0.4065349018201232,0.9091217387467623,0.7809561528265476,0.8183224871754646,0.5702890064567327,0.4679102245718241,0.415301525965333,0.9507855549454689,0.6353910425677896,0.9060681024566293,0.35920049250125885,0.3678316529840231,0.6226170994341373,0.0754541177302599,0.26651931554079056,0.9449456222355366,0.7547386167570949,0.3411600263789296,0.02363814227283001,0.6088920785114169,0.5562953921034932,0.5240729721263051,0.9053884614259005,0.8378921719267964,0.01344115287065506,0.9365270063281059,0.7035371540114284,0.9120889352634549,0.33881801553070545,0.2788918660953641,0.0925295976921916,0.2305817687883973,0.7327239634469151,0.9914389867335558,0.9598905444145203,0.3054891908541322,0.8434637198224664,0.5736226802691817,0.8331900713965297,0.07241927366703749,0.8817928610369563,0.11854113079607487,0.1877331519499421,0.7234631571918726,0.9358946178108454,0.691480778157711,0.7700867438688874,0.5509086865931749,0.7639389652758837,0.1601252779364586,0.8287770552560687,0.3196590058505535,0.6691914768889546,0.31916212011128664,0.6895766220986843,0.8588459137827158,0.9144676299765706,0.3951913118362427,0.4497377946972847,0.45304626505821943,0.5605534231290221,0.5766221852973104
174,sobol,aligned10,0,-1.3135504711289598,-1.1711015155354896,2.1983241321133957,2.301060612349293,2.8386597929611903,nan,nan,3.405846655368805e-06,0,0,ok,,nan,nan,nan,nan,nan,nan,nan,nan,nan,nan,nan,nan,0.0009243122714809162,0.9430950000032067,0,0.23979868181049824,0.608461881056428,0.755469816736877,0.16710210125893354,0.9692528350278735,0.13813763950020075,0.106049002148211,0.00940212793648243,0.059222251176834106,0.16161040496081114,0.5197564121335745,0.1854113768786192,0.5363395130261779,0.8540859492495656,0.2929014563560486,0.37949524726718664,0.9196392605081201,0.19712630100548267,0.4335248274728656,0.5171002736315131,0.2601662315428257,0.6597089432179928,0.33207122050225735,0.47036693897098303,0.8419260932132602,0.20247243996709585,0.6437797555699944,0.7289522821083665,0.7111743642017245,0.9921008953824639,0.7137222737073898,0.19826420862227678,0.8641034858301282,0.989416828379035,0.01381391566246748,0.6956186378374696,0.8170024380087852,0.09140413720160723,0.745766831561923,0.2857073647901416,0.12696954980492592,0.5878164451569319,0.003871436230838299,0.5783309051766992,0.23444906901568174,0.18892562575638294,0.14257623627781868,0.26214084308594465,0.22927545197308064,0.2117042951285839,0.06306018773466349,0.663212239742279,0.00566667877137661,0.014128247275948524,0.48939413111656904,0.05241378489881754,0.938739106990397,0.9766211090609431,0.8303828425705433,0.9295388283208013,0.17990361247211695,0.7347719892859459,0.35165383387356997,0.5925407651811838,0.9027870194986463,0.7159511018544436,0.19459901191294193,0.1268383925780654,0.8675739215686917,0.4967202106490731,0.3267696537077427,0.5215024473145604,0.6631788136437535,0.15045636612921953,0.5677015241235495,0.8854866456240416,0.04993362631648779,0.8541931789368391,0.16314908117055893,0.39529286324977875,0.4535615146160126,0.9280294850468636,0.44657132495194674,0.26976525969803333,0.734915729612112,0.8772763693705201,0.7337345033884048,0.5191988972947001,0.40747970063239336,0.17505913227796555,0.3148315725848079,0.11559169087558985,0.4756989823654294,0.376872880384326,0.6052704202011228,0.8255472360178828,0.15584086440503597,0.7745887450873852,0.20652947947382927,0.7748185275122523
175,sobol,aligned10,0,-0.3360575708055252,-0.5209518951919246,2.1983241321133957,2.301060612349293,2.8386597929611903,nan,nan,3.4009572118520737e-06,0,0,ok,,nan,nan,nan,nan,nan,nan,nan,nan,nan,nan,nan,nan,-0.006586972205093031,0.9456017697395896,0,0.8075224915519357,0.3188792746514082,0.0017448840662837029,0.7095560077577829,0.40895547438412905,0.7750007342547178,0.8399048913270235,0.6428569769486785,0.8479393506422639,0.541412090882659,0.43828106857836246,0.7158083645626903,0.3054409381002188,0.3591605853289366,0.5432375697419047,0.8151868991553783,0.31510271318256855,0.8831641850993037,0.7024837611243129,0.45577447954565287,0.6111998530104756,0.11313327122479677,0.8839080715551972,0.6766543136909604,0.49410319700837135,0.5529786162078381,0.2858613468706608,0.122254129499197,0.48097477201372385,0.4430741248652339,0.0475084874778986,0.9307173285633326,0.3812125474214554,0.2492833472788334,0.8985369401052594,0.39454361516982317,0.059445109218358994,0.7273455234244466,0.07570535596460104,0.532753168605268,0.6041719177737832,0.31000513304024935,0.9474553111940622,0.1708202613517642,0.8564698696136475,0.5647408338263631,0.9614810077473521,0.6083863051608205,0.7434631511569023,0.8768343776464462,0.9079033117741346,0.2942360881716013,0.7331879083067179,0.6728243622928858,0.6601527286693454,0.6700512375682592,0.3700716122984886,0.10175839625298977,0.015170380473136902,0.14596508257091045,0.7070471132174134,0.28976521361619234,0.6860100626945496,0.3461439274251461,0.22576632350683212,0.3232346521690488,0.6709044687449932,0.6696080500259995,0.4595976769924164,0.5874778004363179,0.9188009900972247,0.07419910095632076,0.17175988666713238,0.746816742233932,0.48715272173285484,0.2919753845781088,0.6387511352077127,0.259382426738739,0.5026994394138455,0.9670974547043443,0.5794563228264451,0.25274051912128925,0.5901763262227178,0.8869255436584353,0.288161126896739,0.009352118708193302,0.23140286188572645,0.45832681003957987,0.6526193264871836,0.9583663418889046,0.7531535783782601,0.5098781231790781,0.9230129988864064,0.7414469104260206,0.213398864492774,0.08475999999791384,0.8170389626175165,0.03009246103465557,0.8799871727824211,0.12308241333812475
176,sobol,aligned10,0,0.5093376874518856,0.5381088952384091,2.1983241321133957,2.301060612349293,2.8386597929611903,nan,nan,3.4999102354049683e-06,0,0,ok,,nan,nan,nan,nan,nan,nan,nan,nan,nan,nan,nan,nan,-0.008458964242595492,0.943236714187834,0,0.7680927151814103,0.5833967914804816,0.6039156820625067,0.2782754385843873,0.730434418655932,0.32228059228509665,0.744295496493578,0.054972303099930286,0.888249565847218,0.21107363607734442,0.4725982593372464,0.8559849513694644,0.7745193131268024,0.4574675215408206,0.4772236803546548,0.01006655115634203,0.4647088311612606,0.6612740810960531,0.4764267113059759,0.6671859202906489,0.9254811508581042,0.19079465977847576,0.9154896289110184,0.9672940550372005,0.7243148852139711,0.16231904365122318,0.3662166325375438,0.07111664675176144,0.19501026161015034,0.749638463370502,0.5426710247993469,0.594228271394968,0.34732168167829514,0.8246857644990087,0.9316177852451801,0.11591870430856943,0.08725552912801504,0.3085704706609249,0.8803832503035665,0.9610489867627621,0.4220914654433727,0.6731590749695897,0.4176875641569495,0.5039242831990123,0.17293108720332384,0.5965966982766986,0.5855183824896812,0.7510113995522261,0.7717013619840145,0.08246418554335833,0.12496716901659966,0.9141086237505078,0.9186231410130858,0.4977903263643384,0.7003128090873361,0.006231632083654404,0.6408877139911056,0.37898217234760523,0.3351634396240115,0.9458780130371451,0.2938147773966193,0.5785429496318102,0.20891782641410828,0.9023192133754492,0.7726638885214925,0.10641764663159847,0.2479676492512226,0.058008466847240925,0.10884408093988895,0.07392439153045416,0.8084433861076832,0.1230128463357687,0.5303080473095179,0.17579240165650845,0.4425167292356491,0.25685426127165556,0.601231980137527,0.21877151168882847,0.34198486991226673,0.9850543215870857,0.6895836386829615,0.4638258842751384,0.09542438667267561,0.6782061122357845,0.586741448380053,0.8461217423900962,0.018960023298859596,0.15234559029340744,0.4817793546244502,0.9919170709326863,0.5729612084105611,0.02786585781723261,0.818447969853878,0.82000239379704,0.31872456800192595,0.6806971933692694,0.5319828139618039,0.8441839003935456,0.10610327776521444,0.34387685265392065
177,sobol,aligned10,0,0.12468457555326568,0.07364271401327935,2.1983241321133957,2.301060612349293,2.8386597929611903,nan,nan,3.254041075706482e-06,0,0,ok,,nan,nan,nan,nan,nan,nan,nan,nan,nan,nan,nan,nan,-0.005533559430762265,0.9413687787323705,0,0.21672060526907444,0.37205934058874846,0.3576368000358343,0.8452041894197464,0.1657177498564124,0.7176888361573219,0.4478779202327132,0.6598015949130058,0.2084951363503933,0.5851800907403231,0.5537377977743745,0.2633360233157873,0.004792128689587116,0.9542239680886269,0.7334192860871553,0.6992983650416136,0.8015251597389579,0.47327523585408926,0.6439454387873411,0.3515891032293439,0.1953356135636568,0.5186010068282485,0.36366018559783697,0.13647969905287027,0.06483892817050219,0.5929036000743508,0.6879984196275473,0.7183249769732356,0.9873445630073547,0.20116157177835703,0.18926202692091465,0.26802568417042494,0.8917363556101918,0.06845047976821661,0.04665062017738819,0.7918705018237233,0.7823291895911098,0.8893344067037106,0.3004640229046345,0.21584812551736832,0.8364905649796128,0.4587933626025915,0.5961348991841078,0.24497511330991983,0.7929754611104727,0.22053881362080574,0.28016607370227575,0.09727224707603455,0.25556053780019283,0.7630333909764886,0.9051088495180011,0.03357390966266394,0.3200005395337939,0.8156271474435925,0.4021087074652314,0.6542188106104732,0.042922986671328545,0.5040888823568821,0.5106893768534064,0.22874031588435173,0.8133593862876296,0.3835362186655402,0.7534182565286756,0.16336484253406525,0.1058894544839859,0.9952580938115716,0.6461728978902102,0.5226241005584598,0.6891530891880393,0.9829298732802272,0.4625169588252902,0.531286028213799,0.023378738202154636,0.7057430818676949,0.6119718346744776,0.9133390067145228,0.21348692197352648,0.6281116344034672,0.9959807684645057,0.4318674812093377,0.3154779551550746,0.8578723901882768,0.9889230532571673,0.04535204637795687,0.3899413673207164,0.22818986233323812,0.5163823300972581,0.8388481754809618,0.7034834511578083,0.1422360660508275,0.011657058261334896,0.5945130679756403,0.26575008034706116,0.04831540770828724,0.9912968054413795,0.4088124781847,0.49603834096342325,0.10112373065203428,0.8073786972090602,0.5070880530402064
178,sobol,aligned10,0,-0.09304704827231296,-0.0026332521849446455,2.1983241321133957,2.301060612349293,2.8386597929611903,nan,nan,3.363005816936493e-06,0,0,ok,,nan,nan,nan,nan,nan,nan,nan,nan,nan,nan,nan,nan,-0.004801996874672219,0.9387712143362877,0,0.3651743773370981,0.8185212407261133,0.8831264786422253,0.025182247161865234,0.3661306193098426,0.8117885980755091,0.7851334065198898,0.7953576138243079,0.277430078946054,0.8909177575260401,0.8799469880759716,0.22390221059322357,0.6898272586986423,0.09233324881643057,0.8711936604231596,0.45818098448216915,0.7225009826943278,0.792707628570497,0.8961706338450313,0.8238523500040174,0.7259348081424832,0.8971807705238461,0.7014742596074939,0.626645103096962,0.7570709334686399,0.8894897708669305,0.22258842457085848,0.9105825927108526,0.30719662085175514,0.4741235636174679,0.837489896453917,0.75020513497293,0.21667392551898956,0.26757793221622705,0.4058084189891815,0.5852389056235552,0.44188331719487906,0.23967130947858095,0.601853203959763,0.589263872243464,0.19252892676740885,0.19710999727249146,0.037590610794723034,0.8650393504649401,0.6145873880013824,0.9816739540547132,0.7556139323860407,0.7345185447484255,0.12562857940793037,0.6691646380349994,0.40994771383702755,0.695327621884644,0.08060151804238558,0.1356037063524127,0.853744232095778,0.9893548702821136,0.9868327835574746,0.8785471133887768,0.8448208775371313,0.3176477812230587,0.10134804621338844,0.034018540754914284,0.5999313369393349,0.3188894260674715,0.2817018236964941,0.6288914289325476,0.7579105440527201,0.886104547418654,0.47566223982721567,0.7482784194871783,0.618459926918149,0.9386826325207949,0.34962958469986916,0.859791811555624,0.8518668236210942,0.6002079788595438,0.9341520527377725,0.4098755205050111,0.2129148431122303,0.08556377422064543,0.0813134852796793,0.5594816757366061,0.3786426819860935,0.9984057834371924,0.104800870642066,0.3436252884566784,0.9861778421327472,0.47914131823927164,0.03291800804436207,0.34930550400167704,0.9734358945861459,0.828398896381259,0.551869266666472,0.718651344999671,0.5514553040266037,0.8705404428765178,0.16496977861970663,0.6731354631483555,0.46068087965250015,0.8284839959815145
179,sobol,aligned10,0,-0.9615154105735341,-1.007606105116313,2.1983241321133957,2.301060612349293,2.8386597929611903,nan,nan,3.3639371395111084e-06,0,0,ok,,nan,nan,nan,nan,nan,nan,nan,nan,nan,nan,nan,nan,-0.00529498598862552,0.9361683812622895,0,0.6822304958477616,0.10907946340739727,0.13672934100031853,0.5979019636288285,0.8014377364888787,0.1676625655964017,0.018989923410117626,0.4273513350635767,0.5673535745590925,0.28060296829789877,0.07998305559158325,0.6292962403967977,0.4683294091373682,0.5897171534597874,0.1207965137436986,0.7690099673345685,0.01248525083065033,0.10374747775495052,0.21981729101389647,0.1334677217528224,0.4032447300851345,0.3192330412566662,0.018898192793130875,0.45793249644339085,0.4071443919092417,0.366952920332551,0.8324505984783173,0.2999786613509059,0.5138375964015722,0.9608032833784819,0.4257006673142314,0.11156447324901819,0.5462221400812268,0.5269260136410594,0.509472182020545,0.2608476188033819,0.6838318584486842,0.5627142982557416,0.21717757359147072,0.3422758327797055,0.5444871298968792,0.919228638522327,0.9841051269322634,0.3858131691813469,0.4768199883401394,0.35744184348732233,0.07500582654029131,0.39327941462397575,0.6437284927815199,0.4883447205647826,0.5653492668643594,0.3148758923634887,0.6812001401558518,0.5511047644540668,0.059475929476320744,0.3579842671751976,0.321489654481411,0.003531896509230137,0.05944650061428547,0.601484983228147,0.5117007456719875,0.9941631322726607,0.4221000047400594,0.6193637736141682,0.5890390230342746,0.26965454313904047,0.3441040776669979,0.4131571417674422,0.8220884017646313,0.33891028817743063,0.15140941459685564,0.4031081283465028,0.8583861356601119,0.2722244132310152,0.2185225998982787,0.1941926646977663,0.2516148230060935,0.9380969023332,0.624837645329535,0.5284096468240023,0.9554949728772044,0.13322433922439814,0.5221108309924603,0.34993541799485683,0.9343829341232777,0.7071243561804295,0.48677200824022293,0.5433329669758677,0.7780728982761502,0.5035976255312562,0.41170461755245924,0.2929958449676633,0.09684282634407282,0.4152261968702078,0.1308347312733531,0.09470329154282808,0.8631466282531619,0.4284330662339926,0.626814242452383,0.05394476745277643
180,sobol,aligned10,0,-0.6399160095483498,-0.680595181718622,2.1983241321133957,2.301060612349293,2.8386597929611903,nan,nan,3.5620760172605515e-06,0,0,ok,,nan,nan,nan,nan,nan,nan,nan,nan,nan,nan,nan,nan,-0.010607321680763901,0.9362658969188098,0,0.5786723727360368,0.8797447346150875,0.4571534628048539,0.6473591905087233,0.8961081486195326,0.4552774801850319,0.9675718080252409,0.9046206846833229,0.4435461424291134,0.7453378634527326,0.8596494179219007,0.5224923640489578,0.6203474272042513,0.7630795761942863,0.13397227693349123,0.9789233123883605,0.24143135454505682,0.23136049695312977,0.8144192146137357,0.5921194357797503,0.7810457842424512,0.04976588115096092,0.5390184428542852,0.2778226463124156,0.371168608777225,0.8668402880430222,0.08926825411617756,0.5060829678550363,0.04530626442283392,0.5176927773281932,0.9671335453167558,0.7436113394796848,0.7291942071169615,0.4973555887117982,0.2342046108096838,0.8887998005375266,0.9329615077003837,0.6857277341187,0.6365155559033155,0.47994998190551996,0.7167411809787154,0.2633465686812997,0.33818973787128925,0.3704395378008485,0.7260424168780446,0.6684017004445195,0.4328549364581704,0.9709509639069438,0.9152746498584747,0.2693884940817952,0.18159496691077948,0.4870017543435097,0.8627699529752135,0.03146805427968502,0.3442691108211875,0.4147125780582428,0.4989200485870242,0.2248631464317441,0.9925075005739927,0.4356741439551115,0.4062254671007395,0.8116825744509697,0.7295653009787202,0.7503532115370035,0.7190917981788516,0.8321425942704082,0.9771851655095816,0.7434096615761518,0.33183125499635935,0.14885300397872925,0.36768566723912954,0.18404659628868103,0.42427422758191824,0.9531958792358637,0.028169211000204086,0.4886852940544486,0.38228405825793743,0.750865169800818,0.0268519539386034,0.2104177325963974,0.5954993478953838,0.020727497525513172,0.8140172977000475,0.8168050339445472,0.3275966290384531,0.9829667024314404,0.6858607903122902,0.07930074166506529,0.9041176307946444,0.6458697011694312,0.2872890457510948,0.656171552836895,0.4600941240787506,0.1830485137179494,0.42280240543186665,0.5595399895682931,0.3342324197292328,0.1747342525050044,0.2504225242882967,0.9255412593483925
181,sobol,aligned10,0,1.0793945151901125,1.14709091685344,2.1983241321133957,2.301060612349293,2.8386597929611903,nan,nan,3.3350661396980286e-06,0,0,ok,,nan,nan,nan,nan,nan,nan,nan,nan,nan,nan,nan,nan,-0.01408416526014283,0.934840461966633,0,0.40614929236471653,0.16920145601034164,0.7035541767254472,0.22990552242845297,0.46079906821250916,0.5692080920562148,0.23267841059714556,0.2556049497798085,0.6551437573507428,0.11341484636068344,0.1608282495290041,0.11538925487548113,0.3504026858136058,0.2580220801755786,0.8892522361129522,0.2931552417576313,0.523583959788084,0.9193670628592372,0.052051869221031666,0.4036893667653203,0.09813375398516655,0.7213377254083753,0.24499981943517923,0.5715276384726167,0.9646165408194065,0.3893435401841998,0.9813650464639068,0.1420622654259205,0.7762391986325383,0.03150360379368067,0.3009198037907481,0.38622074108570814,0.02366251777857542,0.7413607491180301,0.8690661191940308,0.20551666151732206,0.1905256314203143,0.01121189072728157,0.060444883070886135,0.732797403819859,0.05209784395992756,0.6027518603950739,0.6440775273367763,0.8804129837080836,0.3695171382278204,0.04620237834751606,0.7366319950670004,0.12580322939902544,0.432329336181283,0.5731937596574426,0.8367604240775108,0.618033217266202,0.398911545984447,0.6549924220889807,0.5530576026067138,0.7999285301193595,0.8177041281014681,0.8500919491052628,0.16170049645006657,0.6528912307694554,0.9880566317588091,0.2265379475429654,0.3100498877465725,0.05949443206191063,0.4013782050460577,0.19116782024502754,0.3758786916732788,0.20805439352989197,0.9971240870654583,0.8099177293479443,0.9011384472250938,0.7202485157176852,0.9321803338825703,0.4284597672522068,0.9173117633908987,0.8322122162207961,0.8068864792585373,0.34744592662900686,0.6862039258703589,0.6542923981323838,0.46961983013898134,0.6579385315999389,0.20759225822985172,0.4652248080819845,0.6493357345461845,0.09891492500901222,0.1855413420125842,0.8982516685500741,0.15708692837506533,0.48755483236163855,0.8510384205728769,0.22233476024121046,0.8760570511221886,0.9508294584229589,0.7516866335645318,0.2885098373517394,0.6381240747869015,0.9268219033256173,0.5840222593396902,0.20765020325779915
182,sobol,aligned10,0,-0.7213290905988035,-0.6913058039430036,2.1983241321133957,2.301060612349293,2.8386597929611903,nan,nan,3.5509001463651657e-06,0,0,ok,,nan,nan,nan,nan,nan,nan,nan,nan,nan,nan,nan,nan,-0.008076040642284283,0.9357662918439422,0,0.05466409958899021,0.648026772774756,0.05283582489937544,0.8943788921460509,0.00830337405204773,0.9135214732959867,0.5069341454654932,0.13322621025145054,0.8356595020741224,0.4251357316970825,0.2721250271424651,0.40506726037710905,0.9065165491774678,0.6324252672493458,0.5288367960602045,0.5517934672534466,0.9523397982120514,0.3461580304428935,0.3003186285495758,0.936499428935349,0.5733655644580722,0.8506963467225432,0.8132826508954167,0.06573721766471863,0.15489495918154716,0.0930343521758914,0.4526611156761646,0.47903280053287745,0.4563208604231477,0.258055005222559,0.6684542596340179,0.8996501918882132,0.8327881749719381,0.9070409433916211,0.6969200391322374,0.42173079028725624,0.5375931104645133,0.8600880177691579,0.8496308457106352,0.10157309100031853,0.9149764347821474,0.8644297383725643,0.21047222428023815,0.010363973677158356,0.034382170997560024,0.7847926542162895,0.22761479299515486,0.5189684769138694,0.06214100867509842,0.9790747268125415,0.3494041906669736,0.14330850541591644,0.1380435274913907,0.3353200629353523,0.19499666150659323,0.5896704001352191,0.15248276013880968,0.7206448838114738,0.4516536919400096,0.8007205696776509,0.20789954159408808,0.3257518708705902,0.0865850755944848,0.4660032670944929,0.2100633829832077,0.43271473329514265,0.028631962835788727,0.32174703665077686,0.21452046371996403,0.5448095090687275,0.05673046503216028,0.750700581818819,0.6987025672569871,0.020008966326713562,0.6735410401597619,0.6464302074164152,0.09014309570193291,0.5657387915998697,0.40554817393422127,0.8597247032448649,0.23502906784415245,0.9874438242986798,0.6596747385337949,0.5120132826268673,0.8720372738316655,0.4562840601429343,0.3407004112377763,0.2886363361030817,0.5792992142960429,0.007169987075030804,0.13313745334744453,0.45619388576596975,0.16031223628669977,0.28439914528280497,0.6895602578297257,0.9986508823931217,0.9672118742018938,0.34749740175902843,0.18306040484458208,0.3786556366831064
183,sobol,aligned10,0,1.0275241755137496,1.0333720013744128,2.1983241321133957,2.301060612349293,2.8386597929611903,nan,nan,3.2640527933835983e-06,0,0,ok,,nan,nan,nan,nan,nan,nan,nan,nan,nan,nan,nan,nan,-0.011973598292319906,0.9346861973207697,0,0.9927491182461381,0.4355954648926854,0.7991106538102031,0.48273096792399883,0.5730220060795546,0.050384799018502235,0.3042665356770158,0.5190653344616294,0.014991453848779202,0.8088839771226048,0.689759130589664,0.9999135639518499,0.18526629731059074,0.1277168756350875,0.27557087782770395,0.23762281145900488,0.2814237056300044,0.5350953806191683,0.5695674940943718,0.12285430263727903,0.29745119996368885,0.4290141146630049,0.40414574928581715,0.7715592179447412,0.5559507487341762,0.6624166369438171,0.6172092417255044,0.8728248365223408,0.7265604687854648,0.8070217277854681,0.0683720950037241,0.229697541333735,0.41240480821579695,0.16663686092942953,0.3433619327843189,0.7378284782171249,0.3420321149751544,0.44329312164336443,0.45328653510659933,0.8565395697951317,0.3127739494666457,0.01727438624948263,0.77954628970474,0.7385354209691286,0.9356691651046276,0.4068545764312148,0.906624335795641,0.36132072005420923,0.5431239027529955,0.17551918979734182,0.6297971028834581,0.7742398176342249,0.5999717051163316,0.9783376529812813,0.8920349469408393,0.1878378726541996,0.5386531092226505,0.3455075742676854,0.6442622607573867,0.01696324162185192,0.6805384391918778,0.6457586558535695,0.8894324190914631,0.7203349098563194,0.9182191165164113,0.5437235422432423,0.6143372189253569,0.8488325141370296,0.6146804532036185,0.3836267814040184,0.7112467866390944,0.34110169019550085,0.19092234410345554,0.6121274214237928,0.25610011350363493,0.052457189187407494,0.7201974857598543,0.03171953931450844,0.8072325671091676,0.3074445817619562,0.8608623193576932,0.3199741384014487,0.3033412517979741,0.14479959476739168,0.16739411558955908,0.5868950849398971,0.8430646602064371,0.7201355546712875,0.3556889034807682,0.8450045390054584,0.6963373925536871,0.9212824665009975,0.736446731723845,0.5839182520285249,0.1126296017318964,0.22366815991699696,0.00524011068046093,0.5978207550942898,0.9815178299322724,0.7234996911138296
184,sobol,aligned10,0,-0.7911349299049436,-0.9921377756133614,2.1983241321133957,2.301060612349293,2.8386597929611903,nan,nan,3.3050309866666794e-06,0,0,ok,,nan,nan,nan,nan,nan,nan,nan,nan,nan,nan,nan,nan,-0.00632415386946083,0.9352705073771375,0,0.8948062937706709,0.7715421430766582,0.09896674193441868,0.14426186308264732,0.24194424971938133,0.2382266391068697,0.8850193852558732,0.9492500014603138,0.3758889175951481,0.32703908532857895,0.6316803442314267,0.7554108342155814,0.259740998968482,0.7087774928659201,0.7667599944397807,0.8966422704979777,0.6732738260179758,0.009825143031775951,0.8111461345106363,0.806734710931778,0.8466705540195107,0.6550900619477034,0.7795431213453412,0.36814449541270733,0.9151662057265639,0.2384172799065709,0.6621117778122425,0.24420300591737032,0.8619678430259228,0.34507826529443264,0.8905988158658147,0.005554330535233021,0.2669217996299267,0.39614697732031345,0.09037832263857126,0.476231487467885,0.1452512890100479,0.534200944006443,0.5509546846151352,0.14199904073029757,0.806578116491437,0.7116864193230867,0.9058801475912333,0.6537457806989551,0.07894800696521997,0.8962700059637427,0.8379271542653441,0.6768122036010027,0.619011758826673,0.030870304442942142,0.9940411988645792,0.5584331285208464,0.7677183412015438,0.7310749981552362,0.10099035408347845,0.46028817538172007,0.7699391739442945,0.5826858188956976,0.2771538542583585,0.5584035683423281,0.779827126301825,0.5019104396924376,0.31750769447535276,0.09220030345022678,0.008379545994102955,0.372602641582489,0.9012456825003028,0.16303395852446556,0.5556144081056118,0.8494298793375492,0.6582630388438702,0.45859185885638,0.31195431016385555,0.24743565171957016,0.09324527066200972,0.98296635504812,0.14180993102490902,0.115362080745399,0.9329246496781707,0.44005899876356125,0.5139866275712848,0.7730067288503051,0.17368540912866592,0.5658787759020925,0.21998029947280884,0.9212576430290937,0.10813862085342407,0.6043242029845715,0.8495265860110521,0.7812866996973753,0.49189290031790733,0.7640503877773881,0.6239042645320296,0.8114949185401201,0.6655821613967419,0.7482014279812574,0.0900569474324584,0.22725086007267237,0.8551586037501693,0.9616026012226939
185,sobol,aligned10,0,1.5103395860746311,1.3376326250086854,2.1983241321133957,2.301060612349293,2.8386597929611903,nan,nan,3.375113010406494e-06,0,0,ok,,nan,nan,nan,nan,nan,nan,nan,nan,nan,nan,nan,nan,-0.01056637428046344,0.934512702200701,0,0.08900066930800676,0.06210250407457352,0.8447532895952463,0.732606534846127,0.6772721130400896,0.8506911071017385,0.18241355754435062,0.3358215996995568,0.7109678210690618,0.939428468234837,0.3302037799730897,0.34830782003700733,0.5195699697360396,0.20371841359883547,0.021979033946990967,0.32856500148773193,0.09222821239382029,0.8237641025334597,0.07241484709084034,0.2433342095464468,0.024699218571186066,0.0767684793099761,0.44075688160955906,0.544654343277216,0.2646130844950676,0.5129060950130224,0.2671030620113015,0.6067581474781036,0.06847005896270275,0.8310557492077351,0.34914090391248465,0.8669137302786112,0.9725071871653199,0.6560440137982368,0.9479486932978034,0.6835719253867865,0.9814439602196217,0.14679662138223648,0.12696289364248514,0.8949670949950814,0.45437563117593527,0.4339337730780244,0.08432170283049345,0.0973585108295083,0.950937831774354,0.27243468165397644,0.01901400089263916,0.46055683121085167,0.10384940076619387,0.8190523805096745,0.02419402915984392,0.4235563464462757,0.4932916462421417,0.08014512993395329,0.7985484069213271,0.8250725921243429,0.42173078283667564,0.457609417848289,0.5683938572183251,0.2747840443626046,0.36202834639698267,0.4620548579841852,0.6438527386635542,0.8465320728719234,0.8630976527929306,0.7288504159078002,0.48695861641317606,0.6354905385524035,0.14669587556272745,0.1883813813328743,0.06277910154312849,0.883207306265831,0.804235358722508,0.6522959675639868,0.9774783486500382,0.326935320161283,0.5429824069142342,0.5205513807013631,0.27979923225939274,0.88290308509022,0.39012174494564533,0.40922604221850634,0.7859049737453461,0.21435100212693214,0.8035757262259722,0.03574012778699398,0.6065335599705577,0.418123384937644,0.08679262269288301,0.06844642572104931,0.9286318104714155,0.36146520264446735,0.03988340403884649,0.07049434073269367,0.02419817354530096,0.4743635877966881,0.8818607432767749,0.983677732758224,0.06033943872898817,0.18730565812438726
186,sobol,aligned10,0,-0.8488990215968808,-0.924199668995796,2.1983241321133957,2.301060612349293,2.8386597929611903,nan,nan,3.529014065861702e-06,0,0,ok,,nan,nan,nan,nan,nan,nan,nan,nan,nan,nan,nan,nan,-0.002389460515113469,0.9386097213593603,0,0.4875439675524831,0.5051297778263688,0.3822520971298218,0.3969888286665082,0.8543616849929094,0.6315603544935584,0.5816044779494405,0.21307612024247646,0.767024701461196,0.5063944580033422,0.21896041557192802,0.13700729981064796,0.20556663814932108,0.8429832849651575,0.3804890476167202,0.5715747401118279,0.38417572248727083,0.3794598300009966,0.32512167003005743,0.7135832365602255,0.5528249135240912,0.44839023519307375,0.6186288129538298,0.038909119553864,0.5739059895277023,0.9655884262174368,0.7997432816773653,0.7721455739811063,0.640162343159318,0.6205966183915734,0.7479177303612232,0.34958146419376135,0.17103761807084084,0.9454424735158682,0.6200947733595967,0.9436740959063172,0.2593700438737869,0.9819948980584741,0.9627777934074402,0.26765046268701553,0.575139737688005,0.15650933887809515,0.5179115142673254,0.9811089430004358,0.6450996799394488,0.5254749748855829,0.5079502211883664,0.8165388535708189,0.48365046735852957,0.725419825874269,0.5369715392589569,0.8396988715976477,0.23049352876842022,0.9023204036056995,0.4378018891438842,0.5353285688906908,0.6158846942707896,0.0811525983735919,0.7948134616017342,0.17785427067428827,0.5835611689835787,0.11259697284549475,0.9908230928704143,0.6280313115566969,0.5623470451682806,0.8931243121623993,0.10846968088299036,0.7722556591033936,0.9224325707182288,0.45348580181598663,0.9693400654941797,0.6028749337419868,0.5688349828124046,0.8058487493544817,0.7364175003021955,0.13973470591008663,0.32231758907437325,0.30231739580631256,0.5619183788076043,0.5993146998807788,0.1554694725200534,0.23591227736324072,0.3318731924518943,0.761047450825572,0.705813161097467,0.3934816690161824,0.8867540219798684,0.7777997376397252,0.6650719521567225,0.42383126355707645,0.0876806229352951,0.06510989926755428,0.7635909970849752,0.6627810057252645,0.4642385011538863,0.8088945252820849,0.7071311371400952,0.3062119744718075,0.7038130536675453,0.4773597875609994
187,sobol,aligned10,0,-0.32864003040273493,-0.2334794759610038,2.1983241321133957,2.301060612349293,2.8386597929611903,nan,nan,3.3350661396980286e-06,0,0,ok,,nan,nan,nan,nan,nan,nan,nan,nan,nan,nan,nan,nan,-0.006916249611807412,0.9381303323999879,0,0.5589155834168196,0.29379400331526995,0.628164529800415,0.9795425646007061,0.28965431079268456,0.26793669164180756,0.3467713128775358,0.5643045781180263,0.07177771534770727,0.13436353206634521,0.8015172183513641,0.731853493489325,0.9525895491242409,0.33827700559049845,0.6271622171625495,0.13971280585974455,0.8500785734504461,0.692468005232513,0.5550183122977614,0.27490854263305664,0.32580900751054287,0.7768145762383938,0.16057056281715631,0.8618957167491317,0.230933859013021,0.2869563074782491,0.13029553648084402,0.3768884539604187,0.43284616619348526,0.0714182136580348,0.023079736158251762,0.523378811776638,0.591489345766604,0.1897568590939045,0.48122100066393614,0.15039822179824114,0.6111875958740711,0.3366865226998925,0.359182664193213,0.5224934481084347,0.1604964006692171,0.9422551728785038,0.4644165551289916,0.2680422216653824,0.25927770137786865,0.149569739587605,0.3138041663914919,0.037783458828926086,0.9968694718554616,0.4374910844489932,0.44235373195260763,0.20480014011263847,0.5068504381924868,0.2865852899849415,0.6470472356304526,0.18716121930629015,0.2002969477325678,0.9561984222382307,0.10951481387019157,0.895209165289998,0.056325921788811684,0.9175900388509035,0.03218378685414791,0.43717264384031296,0.31694265734404325,0.0052008843049407005,0.5071709072217345,0.30715334229171276,0.2796311918646097,0.6146599613130093,0.2527930783107877,0.05141613259911537,0.076679821126163,0.3433717302978039,0.31798088923096657,0.5462037306278944,0.9914267752319574,0.8346886765211821,0.1510796807706356,0.046126069501042366,0.7794111091643572,0.5674506621435285,0.6941232746466994,0.39390338119119406,0.2552438573911786,0.5245818691328168,0.39028157480061054,0.2134283697232604,0.3945425935089588,0.7071518544107676,0.5239924062043428,0.561450925655663,0.3397111874073744,0.45351882837712765,0.8536698706448078,0.03891674894839525,0.2648136103525758,0.5609851758927107,0.38166600093245506,0.6403287472203374
188,sobol,aligned10,0,1.0377097196604148,1.1492942819819174,2.1983241321133957,2.301060612349293,2.8386597929611903,nan,nan,3.3869873732328415e-06,0,0,ok,,nan,nan,nan,nan,nan,nan,nan,nan,nan,nan,nan,nan,-0.008627546318142134,0.9359245882874282,0,0.7092342656105757,0.6950115999206901,0.9639868633821607,0.77505515050143,0.38443905394524336,0.10524752456694841,0.6705368785187602,0.10360138211399317,0.9485195996239781,0.8573956955224276,0.020874349400401115,0.6230660416185856,0.10534010827541351,0.012569938786327839,0.6100649302825332,0.11528530064970255,0.9038537675514817,0.5661748414859176,0.39913339260965586,0.9526326283812523,0.951685800217092,0.6087859086692333,0.64136843662709,0.9316597264260054,0.04736338369548321,0.7868104791268706,0.8851661132648587,0.6767274457961321,0.9018085608258843,0.3875847738236189,0.6192039139568806,0.15304626245051622,0.6487211529165506,0.7857328932732344,0.7603967888280749,0.5305016972124577,0.865962989628315,0.4129147231578827,0.8070254800841212,0.6582528576254845,0.0821772450581193,0.34789453260600567,0.8578154360875487,0.47094610426574945,0.506549091078341,0.839220249094069,0.17836716584861279,0.584257542155683,0.6941950945183635,0.3361495891585946,0.8124029124155641,0.09512861352413893,0.9511365555226803,0.7979563856497407,0.9482301780954003,0.11876760888844728,0.11991436127573252,0.8036917168647051,0.9264252036809921,0.07566558104008436,0.9196141771972179,0.8580967308953404,0.8709605950862169,0.19316398166120052,0.49996971618384123,0.5678024785593152,0.14028985518962145,0.5984675353392959,0.754202782176435,0.9277908159419894,0.22005353774875402,0.26962555665522814,0.6426279647275805,0.8997182436287403,0.3813506504520774,0.7791885761544108,0.861247013323009,0.8972399979829788,0.748164257965982,0.7239817380905151,0.6696553351357579,0.7111956113949418,0.8924626195803285,0.9232429545372725,0.9911088002845645,0.7849017353728414,0.6909329760819674,0.6639699330553412,0.27092311065644026,0.5653623454272747,0.651533299125731,0.38769733905792236,0.23421123530715704,0.18960241694003344,0.5929068373516202,0.6209416622295976,0.7917137015610933,0.8067942364141345,0.5072256196290255,0.2610399164259434
189,sobol,aligned10,0,-0.7568682396813428,-0.7197628997767501,2.1983241321133957,2.301060612349293,2.8386597929611903,nan,nan,3.423774614930153e-06,0,0,ok,,nan,nan,nan,nan,nan,nan,nan,nan,nan,nan,nan,nan,-0.0030913703076735776,0.9365266741105043,0,0.2745796116068959,0.48258195351809263,0.21807800699025393,0.34778224118053913,0.9491445692256093,0.9991922248154879,0.4044537991285324,0.7363274730741978,0.14418906345963478,0.4715728750452399,0.9390557277947664,0.0304170036688447,0.8654095241799951,0.5093285050243139,0.3663214482367039,0.6722083929926157,0.36189443804323673,0.25221296213567257,0.7305160323157907,0.012004343792796135,0.17694812081754208,0.18672982323914766,0.07601803168654442,0.23366548493504524,0.6477962890639901,0.46547431871294975,0.06046739220619202,0.03489044960588217,0.17166526895016432,0.936277162283659,0.14103896729648113,0.983093673363328,0.10425290372222662,0.045878004282712936,0.15293255168944597,0.31582896411418915,0.01463468000292778,0.769070953130722,0.38700526393949986,0.4131755046546459,0.6841354481875896,0.5006219046190381,0.16369744203984737,0.7782050622627139,0.40198452211916447,0.4613127466291189,0.9998325491324067,0.30159729812294245,0.20832199696451426,0.5010920288041234,0.21754912845790386,0.9795084083452821,0.2880365550518036,0.39021311048418283,0.15246757213026285,0.7207800690084696,0.6889421045780182,0.1784932827576995,0.22796626761555672,0.859213337302208,0.43904056027531624,0.17810367047786713,0.16963013168424368,0.993638202548027,0.629529794678092,0.45575827546417713,0.726491074077785,0.07089608255773783,0.41653516329824924,0.01877292152494192,0.5030027627944946,0.822169741615653,0.15132371336221695,0.4998893979936838,0.5478951530531049,0.4351998372003436,0.4500721590593457,0.4901581536978483,0.08965272642672062,0.1716998303309083,0.2935359664261341,0.10620349925011396,0.00488054845482111,0.29045850690454245,0.03269653860479593,0.16452934313565493,0.1876799026504159,0.34483629930764437,0.5394543446600437,0.286075945943594,0.21332573425024748,0.9855971140787005,0.6815295582637191,0.9266970129683614,0.23283292911946774,0.3440521350130439,0.23586888425052166,0.0603828513994813,0.329105531796813,0.6056417748332024
190,sobol,aligned10,0,1.0056547326979588,1.029657411363237,2.1983241321133957,2.301060612349293,2.8386597929611903,nan,nan,3.247056156396866e-06,0,0,ok,,nan,nan,nan,nan,nan,nan,nan,nan,nan,nan,nan,nan,-0.007058616988587626,0.9356498644752658,0,0.17306187469512224,0.9580022040754557,0.5558082899078727,0.5279133636504412,0.5202315719798207,0.5297868102788925,0.8666520481929183,0.8712727157399058,0.3386815031990409,0.036705768667161465,0.6127931391820312,0.4919616123661399,0.4225149741396308,0.380988665856421,0.2226705476641655,0.41546198911964893,0.1616219636052847,0.9505532141774893,0.9792777709662914,0.5467065554112196,0.6508048782125115,0.30717731174081564,0.9921712055802345,0.7237857254222035,0.45513656083494425,0.013005193322896957,0.5298146335408092,0.33620077557861805,0.5999248242005706,0.6472267145290971,0.7580244662240148,0.49701140727847815,0.7873452473431826,0.3682354409247637,0.29377475287765265,0.061280920170247555,0.7300855591893196,0.10183189157396555,0.7106169490143657,0.782683570869267,0.2824429087340832,0.7780527798458934,0.7223482979461551,0.14450037479400635,0.19039326440542936,0.7075705043971539,0.47317660972476006,0.9134945152327418,0.3283965988084674,0.9077133303508162,0.7225064812228084,0.25136763881891966,0.05061344616115093,0.5688341772183776,0.6072768354788423,0.8856461625546217,0.27347662951797247,0.29812925960868597,0.3774619670584798,0.6881486773490906,0.7253011679276824,0.27737702894955873,0.44570899941027164,0.5241685677319765,0.9460269957780838,0.16642238665372133,0.8694865135475993,0.4579344345256686,0.6368919871747494,0.25342054571956396,0.4099146807566285,0.6648928159847856,0.4794971691444516,0.09094266407191753,0.7928927708417177,0.12156573124229908,0.6668157065287232,0.7084574429318309,0.8693001875653863,0.31490867119282484,0.05943205673247576,0.3109065005555749,0.613211615011096,0.7434202106669545,0.44277600571513176,0.2793568056076765,0.28241426032036543,0.9543600957840681,0.21245594508945942,0.20400650054216385,0.8020696239545941,0.6892685135826468,0.40319490246474743,0.33831674698740244,0.2947309147566557,0.9313906840980053,0.40879516303539276,0.7295669075101614,0.9340698095038533,0.8078054096549749
191,sobol,aligned10,0,-1.095772947527819,-1.0712422692367989,2.1983241321133957,2.301060612349293,2.8386597929611903,nan,nan,3.4119002521038055e-06,0,0,ok,,nan,nan,nan,nan,nan,nan,nan,nan,nan,nan,nan,nan,-0.0017564528541030896,0.9360548431314579,0,0.8734045904129744,0.2474610786885023,0.3100176891312003,0.09483474027365446,0.08490556757897139,0.38517120387405157,0.07029618695378304,0.4763460960239172,0.5020814891904593,0.6665532384067774,0.41354295145720243,0.8973557371646166,0.6692673992365599,0.8783709947019815,0.9723343206569552,0.8586001703515649,0.5728744463995099,0.13755264040082693,0.15477662160992622,0.48135339468717575,0.47056489437818527,0.9793671499937773,0.2919271355494857,0.42228349205106497,0.8650846239179373,0.7385475998744369,0.4150559362024069,0.9521765178069472,0.3309631394222379,0.16076249908655882,0.4709911858662963,0.6396207436919212,0.4577285563573241,0.6127900332212448,0.6825423920527101,0.8462641490623355,0.39438213035464287,0.7158921742811799,0.09523011185228825,0.03557488415390253,0.9468420082703233,0.11732744425535202,0.29141288436949253,0.6066039148718119,0.8436409384012222,0.08564590197056532,0.6698973728343844,0.19333429355174303,0.816217334009707,0.24251663219183683,0.25291066244244576,0.6357865491881967,0.7117374110966921,0.24311464186757803,0.3076375285163522,0.2670166352763772,0.9098915960639715,0.6732971165329218,0.7180264228954911,0.4707215456292033,0.13529144134372473,0.6922325864434242,0.5293328454717994,0.2852140851318836,0.17566001135855913,0.810268135741353,0.2676994549110532,0.9928000615909696,0.034091525711119175,0.662808689288795,0.8139884825795889,0.23940962739288807,0.9726286586374044,0.5581538379192352,0.1527392938733101,0.7150769326835871,0.023333421908318996,0.17809986788779497,0.4687308929860592,0.7587815467268229,0.9355061091482639,0.8856103969737887,0.47553799115121365,0.09500229731202126,0.5185283552855253,0.6462729480117559,0.783805638551712,0.023165617138147354,0.9731613891199231,0.9286817833781242,0.36331262346357107,0.1851169504225254,0.9481541570276022,0.5436729425564408,0.9028502972796559,0.15836108662188053,0.6188137643039227,0.48137978091835976,0.22862205747514963,0.090156564489007
192,sobol,aligned10,0,-1.4495124834384987,-1.5246098848665872,2.1983241321133957,2.301060612349293,2.8386597929611903,nan,nan,3.296881914138794e-06,0,0,ok,,nan,nan,nan,nan,nan,nan,nan,nan,nan,nan,nan,nan,-0.007454455430528705,0.9369292268819471,0,0.8598743295297027,0.7888572290539742,0.5208678198978305,0.7241853950545192,0.3323031226173043,0.03805407229810953,0.21793866995722055,0.43109232001006603,0.7963224733248353,0.007577372714877129,0.5024460246786475,0.39045514538884163,0.21785296965390444,0.5057280715554953,0.17289763502776623,0.6663113748654723,0.4410869814455509,0.11830910947173834,0.757263564504683,0.9728236850351095,0.670856156386435,0.6927427295595407,0.13289606384932995,0.9390218127518892,0.9771291855722666,0.9308912269771099,0.5373165039345622,0.9414534410461783,0.05927817244082689,0.4787078658118844,0.03735154680907726,0.5288120880723,0.7643662644550204,0.5391958439722657,0.04927395936101675,0.6791825098916888,0.0045216502621769905,0.9718305356800556,0.25050193071365356,0.8346351319923997,0.2769200438633561,0.9505125572904944,0.7287792759016156,0.62257812730968,0.875838341191411,0.6065478622913361,0.39018189534544945,0.6435160152614117,0.21227493230253458,0.49587173387408257,0.23232226260006428,0.12911841738969088,0.7896212954074144,0.4526075040921569,0.9185656243935227,0.48440428264439106,0.8515250207856297,0.9194552479311824,0.226156166754663,0.024197830818593502,0.5673242751508951,0.19274017307907343,0.9422101583331823,0.24939959775656462,0.5965718729421496,0.6393632711842656,0.8928543794900179,0.46534833405166864,0.051909237168729305,0.7162275360897183,0.36226293630898,0.9674377935007215,0.6643713749945164,0.3678265940397978,0.22032002080231905,0.32983082439750433,0.5347442161291838,0.321136855520308,0.6746202455833554,0.5187071785330772,0.993876077234745,0.026988673955202103,0.827480673789978,0.38733050506561995,0.12786653358489275,0.2229071343317628,0.29966812022030354,0.172776460647583,0.5066890483722091,0.1527505125850439,0.40216909535229206,0.5074152387678623,0.7893102439120412,0.8789855260401964,0.9506405368447304,0.3531785923987627,0.4899683017283678,0.2547684069722891,0.23623749613761902,0.32704649213701487
193,sobol,aligned10,0,0.03647115426478795,-0.033731445815630784,2.1983241321133957,2.301060612349293,2.8386597929611903,nan,nan,3.45008447766304e-06,0,0,ok,,nan,nan,nan,nan,nan,nan,nan,nan,nan,nan,nan,nan,-0.01492625868445601,0.9402164363600631,0,0.1874084658920765,0.013987910002470016,0.26665818225592375,0.14853600598871708,0.7714907666668296,0.9239410664886236,0.9840213600546122,0.7837903006002307,0.11670631170272827,0.6336383847519755,0.4594381330534816,0.9833521479740739,0.9403360523283482,0.0005488293245434761,0.9283608170226216,0.10555927827954292,0.7936551189050078,0.8053028415888548,0.11307549569755793,0.03820735216140747,0.4582660347223282,0.020560520701110363,0.5830104211345315,0.14531683176755905,0.32740548718720675,0.312680802308023,0.3922943230718374,0.33135233260691166,0.7578501095995307,0.9613573579117656,0.6994758881628513,0.3589204838499427,0.496326832100749,0.28350629936903715,0.9104459593072534,0.4796481719240546,0.8719566846266389,0.33442597463727,0.9283921206369996,0.08172948379069567,0.9875208251178265,0.1658262051641941,0.2846774347126484,0.12827833369374275,0.029109456576406956,0.23255994822829962,0.6943137152120471,0.48477046377956867,0.6980889020487666,0.6591036468744278,0.7624754505231977,0.7640179982408881,0.44100880436599255,0.8612944399937987,0.24438798520714045,0.8550327094271779,0.46511438861489296,0.04465357027947903,0.9319545207545161,0.8070432059466839,0.0398412961512804,0.7788602374494076,0.018295767717063427,0.9412311287596822,0.27511892281472683,0.2748162988573313,0.49419035390019417,0.9851382067427039,0.6522301975637674,0.3675431990996003,0.8913099886849523,0.37825928442180157,0.15689638908952475,0.779339611530304,0.8340462436899543,0.98630406614393,0.15493379533290863,0.7929154699668288,0.022569887340068817,0.08758004102855921,0.11775289569050074,0.6710276436060667,0.21317208558321,0.7701843325048685,0.8334407201036811,0.8589129755273461,0.7982824603095651,0.8653228227049112,0.3084224462509155,0.9945904966443777,0.9634235352277756,0.12093751039355993,0.37350085843354464,0.23707540519535542,0.37132858764380217,0.6115139164030552,0.5454526524990797,0.5030489899218082,0.9136317260563374,0.5405504899099469
194,sobol,aligned10,0,0.818928897545818,0.9366559709415885,2.1983241321133957,2.301060612349293,2.8386597929611903,nan,nan,3.3150427043437958e-06,0,0,ok,,nan,nan,nan,nan,nan,nan,nan,nan,nan,nan,nan,nan,-0.01466132356616094,0.937797290009645,0,0.2733927555382252,0.5512911351397634,0.991595477797091,0.96941196359694,0.6966350814327598,0.5817329175770283,0.25681225676089525,0.6711762361228466,0.4364347858354449,0.8278095377609134,0.09802692197263241,0.5059307804331183,0.2543234471231699,0.8897831831127405,0.5368478307500482,0.8644332997500896,0.7457566810771823,0.49191477708518505,0.36426448449492455,0.5044207274913788,0.9942580824717879,0.3913249233737588,0.4835691200569272,0.6549224117770791,0.5098718823865056,0.1424372559413314,0.9246560679748654,0.03973890747874975,0.4390351725742221,0.7344511952251196,0.33212465699762106,0.8728343937546015,0.6726132808253169,0.11489646602421999,0.5195422498509288,0.14697319269180298,0.39992473740130663,0.5446245046332479,0.23173736035823822,0.7088025100529194,0.10796402022242546,0.42756845243275166,0.8511255318298936,0.7620135089382529,0.3169917091727257,0.9714782731607556,0.21645496599376202,0.8475088477134705,0.8278913358226418,0.752494091168046,0.2986901178956032,0.4728717776015401,0.2096586674451828,0.179807105101645,0.5114492038264871,0.5034152502194047,0.5050915731117129,0.41622759215533733,0.7048066798597574,0.6455921493470669,0.7655435809865594,0.6795883113518357,0.3666089456528425,0.5332716992124915,0.08362194895744324,0.09540410060435534,0.10129886493086815,0.6061865361407399,0.43484264239668846,0.10243474040180445,0.047241512686014175,0.09610393736511469,0.4544549975544214,0.6843572743237019,0.5751621648669243,0.5470239799469709,0.9928321354091167,0.01115349866449833,0.8036831496283412,0.42582670878618956,0.35239898413419724,0.99779899045825,0.6692929035052657,0.19191697239875793,0.6732687149196863,0.7128418479114771,0.7035480765625834,0.4436347195878625,0.9474932756274939,0.514053063467145,0.05239870958030224,0.32358096074312925,0.5891532860696316,0.5276961084455252,0.18711754959076643,0.1677322005853057,0.8726484179496765,0.20883871149271727,0.3231919249519706,0.8736347807571292
195,sobol,aligned10,0,-0.964824375541345,-1.0434279196797478,2.1983241321133957,2.301060612349293,2.8386597929611903,nan,nan,3.284076228737831e-06,0,0,ok,,nan,nan,nan,nan,nan,nan,nan,nan,nan,nan,nan,nan,-0.010386501919432842,0.937282701228156,0,0.711542627774179,0.2784319156780839,0.23750409577041864,0.40345976036041975,0.1358503857627511,0.4446867359802127,0.5531685631722212,0.05139728728681803,0.7246330697089434,0.43820025585591793,0.9224507454782724,0.10077695734798908,0.5250203711912036,0.38519706670194864,0.2832768578082323,0.42524810042232275,0.020233161747455597,0.6779777249321342,0.5016926266252995,0.44501850567758083,0.12662342004477978,0.8133733794093132,0.7990492377430201,0.449100430123508,0.16972430236637592,0.6023558937013149,0.0052294135093688965,0.6874505374580622,0.7394137168303132,0.1897565759718418,0.9359300108626485,0.015382763929665089,0.06473766826093197,0.8747974401339889,0.3771889107301831,0.9480718560516834,0.720484652556479,0.1493158908560872,0.5892466241493821,0.45389604568481445,0.6310056978836656,0.7043836200609803,0.17020448297262192,0.48688982892781496,0.7124495981261134,0.3456645105034113,0.8953538769856095,0.001263318583369255,0.3401335431262851,0.08949307166039944,0.7040726682171226,0.6077474718913436,0.5602624528110027,0.5064092660322785,0.34120930079370737,0.14937337301671505,0.18605958111584187,0.5410598469898105,0.3872066419571638,0.4294157614931464,0.3474966222420335,0.3586038388311863,0.6572524411603808,0.2799127930775285,0.7958813430741429,0.9906533304601908,0.5156231168657541,0.06341740768402815,0.7690540784969926,0.9510015519335866,0.7052251501008868,0.5621012393385172,0.9625441515818238,0.2132744137197733,0.495593698695302,0.14099728129804134,0.31798540242016315,0.6018133647739887,0.39372108690440655,0.9985447842627764,0.7284768531098962,0.32151868008077145,0.3049537977203727,0.5903875762596726,0.350537545979023,0.33027672953903675,0.20679542422294617,0.5006840480491519,0.24140088353306055,0.35203793831169605,0.6142025850713253,0.8038028478622437,0.01317233219742775,0.3540475871413946,0.5144749730825424,0.9222066262736917,0.16274618729948997,0.9552176678553224,0.5279159499332309,0.025365031324326992
196,sobol,aligned10,0,-0.6694000379330494,-0.6493171751121999,2.1983241321133957,2.301060612349293,2.8386597929611903,nan,nan,3.391178324818611e-06,0,0,ok,,nan,nan,nan,nan,nan,nan,nan,nan,nan,nan,nan,nan,-0.015256082907299741,0.9373583757959975,0,0.5493602370843291,0.7406770391389728,0.4170781560242176,0.3588932193815708,0.04118768684566021,0.18627946637570858,0.49588366132229567,0.5306931985542178,0.3484443128108978,0.5359808541834354,0.1418078877031803,0.2386325290426612,0.43476517777889967,0.21561983693391085,0.45367919839918613,0.32266895193606615,0.2336775129660964,0.5477706445381045,0.4075751695781946,0.7668977361172438,0.5025016283616424,0.5517126098275185,0.25643744319677353,0.2533614654093981,0.11055706720799208,0.10220911167562008,0.7601244617253542,0.3856355920433998,0.2084023356437683,0.2573750400915742,0.4568741088733077,0.6294280663132668,0.13250611443072557,0.14948393125087023,0.8480130629613996,0.3280389728024602,0.9752295510843396,0.10052883252501488,0.014442446641623974,0.349425021559,0.615574674680829,0.11099642794579268,0.5270890817046165,0.2527661956846714,0.45968897826969624,0.6596742030233145,0.5968309240415692,0.611068801023066,0.0999592887237668,0.18401388451457024,0.04287147615104914,0.7173275873064995,0.9914550799876451,0.018546123057603836,0.0010173087939620018,0.09257630817592144,0.009117470122873783,0.7029601996764541,0.5712415594607592,0.607857508584857,0.7420232584699988,0.4161130441352725,0.49432030227035284,0.09841772075742483,0.8960536541417241,0.4280421957373619,0.13183751702308655,0.7799175623804331,0.2593724988400936,0.5143622402101755,0.7985193142667413,0.7804322419688106,0.25505488459020853,0.528045417740941,0.30505720619112253,0.4090044004842639,0.4407343743368983,0.664304593577981,0.991706763394177,0.30164459347724915,0.8382035028189421,0.4574520830065012,0.10881123039871454,0.1237315833568573,0.895785516127944,0.10218302346765995,0.9061440229415894,0.12289472203701735,0.11560029350221157,0.4985862858593464,0.7414988493546844,0.1298386724665761,0.4311108933761716,0.11796350497752428,0.8084414014592767,0.480800692923367,0.6281561320647597,0.7094658277928829,0.403444935567677,0.9033396374434233
197,sobol,aligned10,0,1.0982117075754703,1.0471863037125642,2.1983241321133957,2.301060612349293,2.8386597929611903,nan,nan,3.488035872578621e-06,0,0,ok,,nan,nan,nan,nan,nan,nan,nan,nan,nan,nan,nan,nan,-0.01857661059778578,0.9361312390288012,0,0.4979309029877186,0.46867708768695593,0.6711654849350452,0.7676114710047841,0.601974293589592,0.7911766404286027,0.6984899938106537,0.1294237207621336,0.5587172890082002,0.1677359128370881,0.8181221559643745,0.645983474329114,0.6569851655513048,0.7124985661357641,0.710179858841002,0.8869153093546629,0.50033013895154,0.36076931096613407,0.7088677156716585,0.20554190129041672,0.36837987415492535,0.22329589817672968,0.9643659805878997,0.5841758325695992,0.7098472230136395,0.6423241021111608,0.18541633244603872,0.7789548458531499,0.9705729056149721,0.8025556756183505,0.8063158662989736,0.4907263806089759,0.6143977716565132,0.8940424611791968,0.23670441191643476,0.5192644530907273,0.15515886340290308,0.7066853009164333,0.68056477047503,0.5945658534765244,0.15521789249032736,0.7707080468535423,0.45554488245397806,0.9961371403187513,0.5739047462120652,0.03198029939085245,0.2913450915366411,0.26873187627643347,0.6150625189766288,0.9739074558019638,0.9480180498212576,0.33290949650108814,0.27760964445769787,0.6684064455330372,0.8357773115858436,0.6926510045304894,0.6747085079550743,0.3280364740639925,0.2707090135663748,0.32506148237735033,0.15225408133119345,0.6120974775403738,0.543218681588769,0.8363917032256722,0.23323220014572144,0.5327644189819694,0.7336617764085531,0.29973939433693886,0.9134425455704331,0.4174920227378607,0.45694570057094097,0.31527621299028397,0.7635061983019114,0.1192447654902935,0.6405460713431239,0.7525199381634593,0.8735154392197728,0.1983238346874714,0.33039408177137375,0.8734559798613191,0.2143424367532134,0.8446555733680725,0.994578936137259,0.7253115708008409,0.06527242437005043,0.9720670599490404,0.40262219589203596,0.932752170599997,0.8235684940591455,0.6489950455725193,0.17780681420117617,0.7428769376128912,0.9836533339694142,0.7637796672061086,0.3853193689137697,0.741943689994514,0.3359765959903598,0.4546029847115278,0.6985150286927819,0.24453078396618366
198,sobol,aligned10,0,-1.7720990555488496,-1.7092446514607247,2.1983241321133957,2.301060612349293,2.8386597929611903,nan,nan,3.2118987292051315e-06,0,0,ok,,nan,nan,nan,nan,nan,nan,nan,nan,nan,nan,nan,nan,-0.012936265556506708,0.9371141800660696,0,0.08397622779011726,0.9738600831478834,0.0714572798460722,0.10423625726252794,0.9288975447416306,0.6987548721954226,0.03330408688634634,0.2591193998232484,0.9895381350070238,0.3561677196994424,0.7420274140313268,0.8726724870502949,0.09989383444190025,0.3341892445459962,0.8165517495945096,0.14554687403142452,0.960215650498867,0.9359905365854502,0.9562178393825889,0.7362083420157433,0.8343731397762895,0.3448372511193156,0.0953934220597148,0.09019523952156305,0.3942662514746189,0.8127789469435811,0.6549733765423298,0.5999488905072212,0.28933109901845455,0.5289795231074095,0.15814891271293163,0.9733902905136347,0.3064885186031461,0.6919853547587991,0.31461984012275934,0.8574935253709555,0.6206288235262036,0.41444598603993654,0.4716991661116481,0.22530139330774546,0.7532034879550338,0.5089669954031706,0.8969319351017475,0.11241719592362642,0.7685319259762764,0.793275642208755,0.7978903716430068,0.8755513103678823,0.9851364614441991,0.5675282720476389,0.49203755985945463,0.9360541999340057,0.009165748953819275,0.34922332502901554,0.4122907957062125,0.9196346746757627,0.355066335760057,0.1957051996141672,0.12389422859996557,0.2223032983019948,0.9343833662569523,0.9615548877045512,0.8218610500916839,0.6813545105978847,0.40898258052766323,0.8372347876429558,0.8622546624392271,0.17051259241998196,0.1269231429323554,0.18284080736339092,0.6125262742862105,0.16006732638925314,0.621220669709146,0.461762897670269,0.8955544121563435,0.6907126102596521,0.023883328773081303,0.9800290698185563,0.613002466969192,0.6443414865061641,0.4484401624649763,0.5492696482688189,0.38806224428117275,0.3033094732090831,0.4128833869472146,0.5830701673403382,0.12240175995975733,0.26121668703854084,0.43236254807561636,0.8559729307889938,0.8371021701022983,0.9455394614487886,0.1977507509291172,0.4692534590139985,0.07149923779070377,0.04511021077632904,0.010828261263668537,0.7571025947108865,0.03733169473707676,0.4194118343293667
199,sobol,aligned10,0,2.762174491634514,2.6224309460997035,2.762174491634514,2.6224309460997035,2.51728945921078,nan,nan,3.4351833164691925e-06,0,0,ok,,nan,nan,nan,nan,nan,nan,nan,nan,nan,nan,nan,nan,-0.021776279576568733,0.9429967574326905,0,0.9009675001725554,0.19984238781034946,0.8256704937666655,0.522666472941637,0.4897079896181822,0.34318678453564644,0.7681366838514805,0.8933075629174709,0.16958440374583006,0.9723430834710598,0.28430864308029413,0.2780666286125779,0.8708238126710057,0.8314514104276896,0.0659713800996542,0.5813598828390241,0.3050437970086932,0.24995050858706236,0.16363831516355276,0.2996393721550703,0.044749051332473755,0.9231512043625116,0.6843093745410442,0.7589078648015857,0.8011985970661044,0.43102250061929226,0.29023172054439783,0.2354558827355504,0.5283082760870457,0.046816762536764145,0.5737833119928837,0.14724874217063189,0.9485597312450409,0.45212653558701277,0.7071098303422332,0.04907877929508686,0.25368301663547754,0.77850650716573,0.833171421661973,0.9723476739600301,0.4804058540612459,0.35713132191449404,0.0934532480314374,0.6384392669424415,0.1405604211613536,0.42132044956088066,0.11765991151332855,0.22071436326950788,0.47198039945214987,0.2774047311395407,0.5224420987069607,0.051673347130417824,0.7210962288081646,0.963949928060174,0.7353024696931243,0.30297342874109745,0.9532713424414396,0.8206595024093986,0.7842753333970904,0.9385285656899214,0.45404985174536705,0.00043487362563610077,0.15623253770172596,0.37989978957921267,0.7124907774850726,0.20169205870479345,0.2760906293988228,0.6277715787291527,0.5461336616426706,0.7793478984385729,0.14207661896944046,0.7481339834630489,0.11410831287503242,0.935992768034339,0.03372029773890972,0.09672808833420277,0.6613839408382773,0.3834483092650771,0.20937256328761578,0.21218558587133884,0.5723779862746596,0.13177698105573654,0.5239215027540922,0.9205233994871378,0.6106755314394832,0.4676189133897424,0.6240011025220156,0.7007107213139534,0.6325353533029556,0.01035839319229126,0.2738372618332505,0.4262529844418168,0.6526217423379421,0.6468080217018723,0.7426686519756913,0.8023922052234411,0.9532774025574327,0.000704335980117321,0.8597313594073057,0.697361409664154
